1.94791e+04 9.28227e+02 3.65162e+02 1.80207e+02 3.41897e+02 4.24876e+02 2.61909e+02 2.03449e+01 1.14572e+02 7.87083e+01 1.61458e+01 3.81014e+01 2.10877e+01 1.50170e+01 9.86402e+00 8.31880e+00 -1.79738e-01 -2.33977e+00 -5.75432e+00 -1.18904e+00 -1.44414e+00 -2.87149e+00 -1.31498e+00
9.28227e+02 5.09460e+03 1.84783e+02 2.80110e+02 2.77156e+01 1.08181e+02 6.55914e+01 3.06651e+01 -2.30263e-01 2.41321e+01 3.39614e+00 2.29780e+01 1.59452e+01 9.40739e+00 7.35477e-02 2.97862e+00 7.45704e-01 5.06654e+00 1.32765e+00 4.33119e+00 1.81168e+00 2.02144e+00 -1.80740e-01
3.65162e+02 1.84783e+02 1.38622e+03 1.43280e+02 7.18436e+01 1.55253e+02 1.01382e+01 6.72922e+01 4.77819e+01 3.76608e+01 3.02883e+01 2.28683e+01 1.37207e+01 1.67110e+01 1.42932e+01 9.97779e+00 8.65993e+00 9.14331e+00 6.16640e+00 4.37368e+00 4.74079e+00 3.38552e+00 3.10312e+00
1.80207e+02 2.80110e+02 1.43280e+02 5.02022e+02 -3.16450e+01 6.59930e+01 2.34442e+01 1.35258e+01 1.81662e+01 1.18917e+01 9.15805e+00 9.00206e+00 8.14798e+00 4.56490e+00 5.09608e+00 4.64643e+00 2.94419e+00 1.25239e+00 5.64963e-01 4.33686e-01 7.76339e-01 1.08293e+00 1.15319e+00
3.41897e+02 2.77156e+01 7.18436e+01 -3.16450e+01 2.38708e+02 4.43530e+01 1.73810e+01 1.96880e+01 1.22302e+01 1.62598e+01 7.92736e+00 6.39598e+00 3.24200e+00 4.02486e+00 2.19180e+00 1.81334e+00 1.91822e+00 1.24240e+00 1.04504e+00 9.49684e-01 9.92075e-01 1.06734e+00 1.10433e+00
4.24876e+02 1.08181e+02 1.55253e+02 6.59930e+01 4.43530e+01 2.13996e+02 4.84896e+01 4.39464e+01 3.22020e+01 2.54618e+01 1.65386e+01 1.54577e+01 1.15232e+01 1.06651e+01 8.86803e+00 6.42260e+00 4.56000e+00 4.36611e+00 3.21053e+00 2.48632e+00 1.90328e+00 1.58426e+00 1.17809e+00
2.61909e+02 6.55914e+01 1.01382e+01 2.34442e+01 1.73810e+01 4.84896e+01 7.18551e+01 2.47754e+01 1.86382e+01 1.31154e+01 9.80045e+00 1.00652e+01 6.93036e+00 5.84279e+00 4.62038e+00 3.58373e+00 2.17970e+00 1.90055e+00 1.52442e+00 1.34828e+00 1.26548e+00 9.80501e-01 9.25058e-01
2.03449e+01 3.06651e+01 6.72922e+01 1.35258e+01 1.96880e+01 4.39464e+01 2.47754e+01 3.83750e+01 1.28618e+01 1.12450e+01 9.39400e+00 8.22389e+00 5.81524e+00 5.14195e+00 3.97925e+00 3.26576e+00 2.18449e+00 1.84683e+00 1.52432e+00 1.10548e+00 8.64898e-01 7.47153e-01 6.10521e-01
1.14572e+02 -2.30263e-01 4.77819e+01 1.81662e+01 1.22302e+01 3.22020e+01 1.86382e+01 1.28618e+01 2.16585e+01 9.43974e+00 7.89600e+00 6.41551e+00 4.14561e+00 3.63517e+00 2.95773e+00 2.41261e+00 1.63904e+00 1.64352e+00 1.22398e+00 8.07798e-01 5.82266e-01 3.72604e-01 4.38500e-01
7.87083e+01 2.41321e+01 3.76608e+01 1.18917e+01 1.62598e+01 2.54618e+01 1.31154e+01 1.12450e+01 9.43974e+00 1.25042e+01 6.26215e+00 4.27184e+00 3.45100e+00 3.44773e+00 2.49945e+00 2.08556e+00 1.40248e+00 1.36085e+00 1.10567e+00 8.91231e-01 7.85680e-01 6.96257e-01 6.24263e-01
1.61458e+01 3.39614e+00 3.02883e+01 9.15805e+00 7.92736e+00 1.65386e+01 9.80045e+00 9.39400e+00 7.89600e+00 6.26215e+00 7.04017e+00 4.16469e+00 2.87111e+00 2.74255e+00 2.08683e+00 1.55556e+00 1.17265e+00 1.07102e+00 8.41840e-01 6.10614e-01 5.47458e-01 4.24949e-01 3.55646e-01
3.81014e+01 2.29780e+01 2.28683e+01 9.00206e+00 6.39598e+00 1.54577e+01 1.00652e+01 8.22389e+00 6.41551e+00 4.27184e+00 4.16469e+00 4.87147e+00 2.43486e+00 2.37993e+00 1.71430e+00 1.41618e+00 9.98734e-01 8.99027e-01 6.65203e-01 5.21467e-01 4.30193e-01 3.46358e-01 2.83605e-01
2.10877e+01 1.59452e+01 1.37207e+01 8.14798e+00 3.24200e+00 1.15232e+01 6.93036e+00 5.81524e+00 4.14561e+00 3.45100e+00 2.87111e+00 2.43486e+00 2.58020e+00 1.87536e+00 1.42946e+00 1.10064e+00 8.38444e-01 7.13109e-01 6.34681e-01 4.79354e-01 4.04204e-01 3.08091e-01 2.41278e-01
1.50170e+01 9.40739e+00 1.67110e+01 4.56490e+00 4.02486e+00 1.06651e+01 5.84279e+00 5.14195e+00 3.63517e+00 3.44773e+00 2.74255e+00 2.37993e+00 1.87536e+00 2.18203e+00 1.37391e+00 1.15078e+00 8.26431e-01 7.05257e-01 6.11446e-01 4.79361e-01 4.27917e-01 3.37576e-01 2.51374e-01
9.86402e+00 7.35477e-02 1.42932e+01 5.09608e+00 2.19180e+00 8.86803e+00 4.62038e+00 3.97925e+00 2.95773e+00 2.49945e+00 2.08683e+00 1.71430e+00 1.42946e+00 1.37391e+00 1.32122e+00 9.15830e-01 6.49338e-01 5.60421e-01 4.49714e-01 3.67554e-01 3.40525e-01 2.65675e-01 2.19281e-01
8.31880e+00 2.97862e+00 9.97779e+00 4.64643e+00 1.81334e+00 6.42260e+00 3.58373e+00 3.26576e+00 2.41261e+00 2.08556e+00 1.55556e+00 1.41618e+00 1.10064e+00 1.15078e+00 9.15830e-01 9.25067e-01 6.49376e-01 5.47149e-01 4.51707e-01 3.56379e-01 3.07866e-01 2.34730e-01 2.02520e-01
-1.79738e-01 7.45704e-01 8.65993e+00 2.94419e+00 1.91822e+00 4.56000e+00 2.17970e+00 2.18449e+00 1.63904e+00 1.40248e+00 1.17265e+00 9.98734e-01 8.38444e-01 8.26431e-01 6.49338e-01 6.49376e-01 6.31489e-01 5.07180e-01 4.08298e-01 3.10470e-01 2.48555e-01 1.93402e-01 1.68807e-01
-2.33977e+00 5.06654e+00 9.14331e+00 1.25239e+00 1.24240e+00 4.36611e+00 1.90055e+00 1.84683e+00 1.64352e+00 1.36085e+00 1.07102e+00 8.99027e-01 7.13109e-01 7.05257e-01 5.60421e-01 5.47149e-01 5.07180e-01 5.40092e-01 4.15449e-01 3.23607e-01 2.55474e-01 1.91121e-01 1.74733e-01
-5.75432e+00 1.32765e+00 6.16640e+00 5.64963e-01 1.04504e+00 3.21053e+00 1.52442e+00 1.52432e+00 1.22398e+00 1.10567e+00 8.41840e-01 6.65203e-01 6.34681e-01 6.11446e-01 4.49714e-01 4.51707e-01 4.08298e-01 4.15449e-01 4.16172e-01 3.16175e-01 2.40181e-01 1.85784e-01 1.71668e-01
-1.18904e+00 4.33119e+00 4.37368e+00 4.33686e-01 9.49684e-01 2.48632e+00 1.34828e+00 1.10548e+00 8.07798e-01 8.91231e-01 6.10614e-01 5.21467e-01 4.79354e-01 4.79361e-01 3.67554e-01 3.56379e-01 3.10470e-01 3.23607e-01 3.16175e-01 3.01795e-01 2.21765e-01 1.65935e-01 1.46741e-01
-1.44414e+00 1.81168e+00 4.74079e+00 7.76339e-01 9.92075e-01 1.90328e+00 1.26548e+00 8.64898e-01 5.82266e-01 7.85680e-01 5.47458e-01 4.30193e-01 4.04204e-01 4.27917e-01 3.40525e-01 3.07866e-01 2.48555e-01 2.55474e-01 2.40181e-01 2.21765e-01 2.20109e-01 1.68146e-01 1.44924e-01
-2.87149e+00 2.02144e+00 3.38552e+00 1.08293e+00 1.06734e+00 1.58426e+00 9.80501e-01 7.47153e-01 3.72604e-01 6.96257e-01 4.24949e-01 3.46358e-01 3.08091e-01 3.37576e-01 2.65675e-01 2.34730e-01 1.93402e-01 1.91121e-01 1.85784e-01 1.65935e-01 1.68146e-01 1.68170e-01 1.45289e-01
-1.31498e+00 -1.80740e-01 3.10312e+00 1.15319e+00 1.10433e+00 1.17809e+00 9.25058e-01 6.10521e-01 4.38500e-01 6.24263e-01 3.55646e-01 2.83605e-01 2.41278e-01 2.51374e-01 2.19281e-01 2.02520e-01 1.68807e-01 1.74733e-01 1.71668e-01 1.46741e-01 1.44924e-01 1.45289e-01 1.67287e-01
