2.19173e+03 1.75844e+02 1.09148e+02 9.01302e+01 1.30524e+02 6.39891e+01 5.86973e+01 7.28013e+01 5.75247e+01 2.59859e+01 2.20566e+01 3.02202e+01 2.15859e+01 1.72041e+01 1.05570e+01 5.21373e+00 7.32528e+00 5.86044e+00 4.91431e+00 2.90425e+00 1.63773e+00 1.18463e+00 2.03084e+00
1.75844e+02 7.90412e+02 1.13223e+02 1.70323e+02 7.57717e+01 7.38445e+01 6.25124e+01 5.37104e+01 3.30393e+01 2.51965e+01 2.58331e+01 1.60901e+01 1.41802e+01 1.13298e+01 9.77784e+00 9.04690e+00 6.23671e+00 5.38882e+00 4.64643e+00 2.41700e+00 1.90985e+00 3.00061e+00 3.10184e+00
1.09148e+02 1.13223e+02 4.20537e+02 1.01321e+02 7.75181e+01 7.32324e+01 2.77514e+01 3.44230e+01 3.12359e+01 1.50401e+01 1.48478e+01 1.06307e+01 1.04161e+01 1.11693e+01 8.01838e+00 6.81308e+00 3.82748e+00 2.12150e+00 1.42945e+00 1.28674e+00 1.23246e+00 1.68291e+00 1.81015e+00
9.01302e+01 1.70323e+02 1.01321e+02 2.10299e+02 7.42233e+01 5.95615e+01 5.08210e+01 2.00806e+01 1.84363e+01 1.55116e+01 1.31864e+01 9.04189e+00 6.70669e+00 6.75361e+00 6.13896e+00 5.83759e+00 4.69656e+00 3.09069e+00 2.95931e+00 2.13416e+00 1.76633e+00 2.10249e+00 2.08898e+00
1.30524e+02 7.57717e+01 7.75181e+01 7.42233e+01 1.25267e+02 4.22175e+01 4.22825e+01 2.67900e+01 1.69028e+01 1.73954e+01 1.48755e+01 1.07453e+01 8.93159e+00 8.09616e+00 6.94888e+00 5.51251e+00 3.82753e+00 2.98355e+00 2.43858e+00 2.04072e+00 1.60039e+00 1.74779e+00 1.48187e+00
6.39891e+01 7.38445e+01 7.32324e+01 5.95615e+01 4.22175e+01 1.01861e+02 3.79433e+01 2.74008e+01 2.52192e+01 1.90898e+01 1.68288e+01 1.34967e+01 1.01279e+01 9.44360e+00 7.45926e+00 6.28028e+00 4.79072e+00 3.54672e+00 3.19581e+00 2.25912e+00 1.80942e+00 1.77294e+00 1.75802e+00
5.86973e+01 6.25124e+01 2.77514e+01 5.08210e+01 4.22825e+01 3.79433e+01 5.34028e+01 2.53441e+01 1.94786e+01 1.70247e+01 1.33082e+01 1.10358e+01 8.99956e+00 7.70638e+00 6.27190e+00 5.24211e+00 3.90132e+00 3.01993e+00 2.59746e+00 1.93510e+00 1.61994e+00 1.50404e+00 1.22658e+00
7.28013e+01 5.37104e+01 3.44230e+01 2.00806e+01 2.67900e+01 2.74008e+01 2.53441e+01 3.39493e+01 1.47637e+01 1.42548e+01 1.12913e+01 8.65684e+00 7.62328e+00 6.43747e+00 4.85546e+00 4.30357e+00 3.40432e+00 2.51052e+00 1.84627e+00 1.51215e+00 1.21639e+00 1.19259e+00 1.00256e+00
5.75247e+01 3.30393e+01 3.12359e+01 1.84363e+01 1.69028e+01 2.52192e+01 1.94786e+01 1.47637e+01 1.54175e+01 9.10921e+00 7.14980e+00 6.58824e+00 5.06590e+00 4.65484e+00 3.58123e+00 2.81873e+00 2.37493e+00 1.72253e+00 1.48086e+00 1.00400e+00 7.75919e-01 7.18775e-01 6.97270e-01
2.59859e+01 2.51965e+01 1.50401e+01 1.55116e+01 1.73954e+01 1.90898e+01 1.70247e+01 1.42548e+01 9.10921e+00 1.03183e+01 7.10585e+00 5.58457e+00 4.69214e+00 4.15535e+00 3.33302e+00 2.91733e+00 2.19613e+00 1.67517e+00 1.39651e+00 1.06308e+00 8.34620e-01 7.66472e-01 6.97696e-01
2.20566e+01 2.58331e+01 1.48478e+01 1.31864e+01 1.48755e+01 1.68288e+01 1.33082e+01 1.12913e+01 7.14980e+00 7.10585e+00 7.30450e+00 4.84279e+00 3.85748e+00 3.38105e+00 2.85623e+00 2.44688e+00 1.87344e+00 1.43190e+00 1.22836e+00 9.20470e-01 7.32304e-01 6.58615e-01 6.35500e-01
3.02202e+01 1.60901e+01 1.06307e+01 9.04189e+00 1.07453e+01 1.34967e+01 1.10358e+01 8.65684e+00 6.58824e+00 5.58457e+00 4.84279e+00 4.69083e+00 3.31937e+00 2.90422e+00 2.34932e+00 1.86817e+00 1.46085e+00 1.13889e+00 9.79636e-01 7.15953e-01 5.61971e-01 5.02390e-01 4.67875e-01
2.15859e+01 1.41802e+01 1.04161e+01 6.70669e+00 8.93159e+00 1.01279e+01 8.99956e+00 7.62328e+00 5.06590e+00 4.69214e+00 3.85748e+00 3.31937e+00 3.17365e+00 2.46122e+00 1.94020e+00 1.58305e+00 1.23276e+00 9.99228e-01 8.64968e-01 6.46977e-01 5.44689e-01 5.00370e-01 4.57291e-01
1.72041e+01 1.13298e+01 1.11693e+01 6.75361e+00 8.09616e+00 9.44360e+00 7.70638e+00 6.43747e+00 4.65484e+00 4.15535e+00 3.38105e+00 2.90422e+00 2.46122e+00 2.34708e+00 1.76707e+00 1.43718e+00 1.09481e+00 8.58922e-01 7.27623e-01 5.46486e-01 4.52052e-01 4.11833e-01 3.81153e-01
1.05570e+01 9.77784e+00 8.01838e+00 6.13896e+00 6.94888e+00 7.45926e+00 6.27190e+00 4.85546e+00 3.58123e+00 3.33302e+00 2.85623e+00 2.34932e+00 1.94020e+00 1.76707e+00 1.58265e+00 1.25409e+00 9.53539e-01 7.64220e-01 6.69758e-01 5.13040e-01 4.29789e-01 3.90406e-01 3.64906e-01
5.21373e+00 9.04690e+00 6.81308e+00 5.83759e+00 5.51251e+00 6.28028e+00 5.24211e+00 4.30357e+00 2.81873e+00 2.91733e+00 2.44688e+00 1.86817e+00 1.58305e+00 1.43718e+00 1.25409e+00 1.17765e+00 8.75360e-01 6.98073e-01 5.93332e-01 4.59352e-01 3.82962e-01 3.51667e-01 3.38455e-01
7.32528e+00 6.23671e+00 3.82748e+00 4.69656e+00 3.82753e+00 4.79072e+00 3.90132e+00 3.40432e+00 2.37493e+00 2.19613e+00 1.87344e+00 1.46085e+00 1.23276e+00 1.09481e+00 9.53539e-01 8.75360e-01 7.57983e-01 5.92883e-01 4.94546e-01 3.81017e-01 3.03949e-01 2.70900e-01 2.68038e-01
5.86044e+00 5.38882e+00 2.12150e+00 3.09069e+00 2.98355e+00 3.54672e+00 3.01993e+00 2.51052e+00 1.72253e+00 1.67517e+00 1.43190e+00 1.13889e+00 9.99228e-01 8.58922e-01 7.64220e-01 6.98073e-01 5.92883e-01 5.35937e-01 4.45415e-01 3.44979e-01 2.69407e-01 2.38166e-01 2.34846e-01
4.91431e+00 4.64643e+00 1.42945e+00 2.95931e+00 2.43858e+00 3.19581e+00 2.59746e+00 1.84627e+00 1.48086e+00 1.39651e+00 1.22836e+00 9.79636e-01 8.64968e-01 7.27623e-01 6.69758e-01 5.93332e-01 4.94546e-01 4.45415e-01 4.28168e-01 3.08959e-01 2.44060e-01 2.14398e-01 2.16873e-01
2.90425e+00 2.41700e+00 1.28674e+00 2.13416e+00 2.04072e+00 2.25912e+00 1.93510e+00 1.51215e+00 1.00400e+00 1.06308e+00 9.20470e-01 7.15953e-01 6.46977e-01 5.46486e-01 5.13040e-01 4.59352e-01 3.81017e-01 3.44979e-01 3.08959e-01 2.73109e-01 2.14689e-01 1.90554e-01 1.83254e-01
1.63773e+00 1.90985e+00 1.23246e+00 1.76633e+00 1.60039e+00 1.80942e+00 1.61994e+00 1.21639e+00 7.75919e-01 8.34620e-01 7.32304e-01 5.61971e-01 5.44689e-01 4.52052e-01 4.29789e-01 3.82962e-01 3.03949e-01 2.69407e-01 2.44060e-01 2.14689e-01 2.04600e-01 1.89313e-01 1.76463e-01
1.18463e+00 3.00061e+00 1.68291e+00 2.10249e+00 1.74779e+00 1.77294e+00 1.50404e+00 1.19259e+00 7.18775e-01 7.66472e-01 6.58615e-01 5.02390e-01 5.00370e-01 4.11833e-01 3.90406e-01 3.51667e-01 2.70900e-01 2.38166e-01 2.14398e-01 1.90554e-01 1.89313e-01 2.06677e-01 1.87044e-01
2.03084e+00 3.10184e+00 1.81015e+00 2.08898e+00 1.48187e+00 1.75802e+00 1.22658e+00 1.00256e+00 6.97270e-01 6.97696e-01 6.35500e-01 4.67875e-01 4.57291e-01 3.81153e-01 3.64906e-01 3.38455e-01 2.68038e-01 2.34846e-01 2.16873e-01 1.83254e-01 1.76463e-01 1.87044e-01 1.97841e-01
