5.02813e+01 -9.63043e-01 -1.30706e+00 4.00008e-01 6.91910e-01 -4.92448e-01 -2.01633e-01 -3.37305e-01 2.38940e-02 -6.17700e-02 1.13992e-01 4.29924e-02 6.02595e-02 -3.63025e-02 -1.03698e-02 -7.78560e-03 -1.14354e-02 -8.38555e-03 -1.01088e-02 -1.18581e-02 -4.96320e-03 6.49600e-03 1.14229e-02
-9.63043e-01 1.22401e+01 1.18640e+00 2.54603e-01 5.38338e-01 8.33555e-02 6.90142e-01 1.22234e-02 -1.45890e-01 -2.53386e-02 1.70494e-02 5.73403e-02 -5.79954e-03 1.34193e-03 -4.76646e-02 -2.64198e-02 -1.27617e-02 6.19729e-03 -2.47169e-03 8.67231e-03 -3.92554e-03 3.81524e-06 4.87775e-03
-1.30706e+00 1.18640e+00 4.51451e+00 8.43613e-02 3.09987e-01 3.06880e-01 -2.37795e-01 2.93015e-03 -2.72703e-02 5.33264e-03 -1.97618e-02 -1.79833e-02 1.85526e-02 7.85903e-03 2.98890e-03 1.27053e-02 9.34815e-03 1.12273e-02 6.63017e-03 4.02354e-03 -1.00182e-03 1.40417e-03 -1.30364e-03
4.00008e-01 2.54603e-01 8.43613e-02 2.01293e+00 -7.93264e-02 -1.17884e-01 2.01695e-01 -2.17552e-02 7.85923e-02 3.42711e-03 -8.14945e-03 3.75053e-02 -3.12496e-05 6.05266e-03 -5.52242e-03 -1.77504e-05 -2.81962e-03 1.23892e-03 1.05555e-03 -4.40620e-03 -4.45345e-03 -3.39633e-03 -1.21352e-03
6.91910e-01 5.38338e-01 3.09987e-01 -7.93264e-02 1.55222e+00 2.53988e-01 -1.31817e-02 -1.41976e-02 -6.56783e-03 -1.11363e-02 -1.55885e-02 2.65009e-03 1.11774e-02 -1.65347e-02 5.24116e-03 3.58568e-03 1.86588e-03 1.70797e-03 8.37199e-04 -1.25261e-03 2.29980e-04 4.03619e-03 2.59651e-03
-4.92448e-01 8.33555e-02 3.06880e-01 -1.17884e-01 2.53988e-01 8.50260e-01 -2.98166e-02 2.82825e-02 -2.73413e-03 3.05705e-02 1.04189e-02 -1.01812e-02 -1.27360e-02 2.63118e-03 4.27304e-03 -6.23221e-03 -3.27422e-03 1.41760e-03 1.95656e-04 -3.30847e-03 -1.45063e-03 1.30626e-03 -7.39744e-04
-2.01633e-01 6.90142e-01 -2.37795e-01 2.01695e-01 -1.31817e-02 -2.98166e-02 5.00958e-01 -1.62875e-02 3.44325e-02 1.31541e-02 -3.23938e-03 1.00640e-02 7.58227e-03 3.97695e-03 -1.91803e-03 -2.88061e-03 -2.87204e-03 3.05989e-04 -6.82815e-04 3.41938e-03 1.24407e-03 -1.28610e-03 -1.91429e-04
-3.37305e-01 1.22234e-02 2.93015e-03 -2.17552e-02 -1.41976e-02 2.82825e-02 -1.62875e-02 1.99594e-01 -6.62850e-03 -1.89102e-03 6.02065e-03 8.75231e-03 -5.98624e-04 7.62172e-03 7.99702e-04 -6.26935e-04 -7.24308e-04 1.61305e-04 5.89635e-06 -1.27887e-03 6.73869e-04 1.02590e-03 3.30977e-04
2.38940e-02 -1.45890e-01 -2.72703e-02 7.85923e-02 -6.56783e-03 -2.73413e-03 3.44325e-02 -6.62850e-03 7.57417e-02 1.07933e-02 2.23039e-03 3.55593e-04 -3.32478e-03 -2.42147e-03 3.50978e-04 -1.22390e-03 1.42024e-04 3.85517e-04 -4.25137e-04 3.96546e-04 1.75649e-04 -5.42267e-04 -1.09240e-04
-6.17700e-02 -2.53386e-02 5.33264e-03 3.42711e-03 -1.11363e-02 3.05705e-02 1.31541e-02 -1.89102e-03 1.07933e-02 5.88882e-02 1.10665e-02 4.20861e-03 -9.54863e-04 6.92575e-04 -9.40560e-04 -7.97415e-05 3.16788e-04 -7.45315e-04 5.55566e-05 2.13814e-04 -1.28583e-04 5.39819e-04 -2.15412e-04
1.13992e-01 1.70494e-02 -1.97618e-02 -8.14945e-03 -1.55885e-02 1.04189e-02 -3.23938e-03 6.02065e-03 2.23039e-03 1.10665e-02 2.78194e-02 2.75777e-03 -7.04707e-04 1.93735e-04 -5.45503e-04 -1.10069e-04 9.32317e-04 -1.49481e-04 -5.41992e-04 1.01001e-04 4.05727e-04 4.22194e-04 -3.60493e-05
4.29924e-02 5.73403e-02 -1.79833e-02 3.75053e-02 2.65009e-03 -1.01812e-02 1.00640e-02 8.75231e-03 3.55593e-04 4.20861e-03 2.75777e-03 2.06151e-02 -9.97908e-04 8.83278e-04 4.14661e-04 -1.01186e-03 2.11346e-05 -5.55428e-04 2.39404e-04 2.21104e-04 1.01251e-04 -6.12756e-05 -5.77126e-05
6.02595e-02 -5.79954e-03 1.85526e-02 -3.12496e-05 1.11774e-02 -1.27360e-02 7.58227e-03 -5.98624e-04 -3.32478e-03 -9.54863e-04 -7.04707e-04 -9.97908e-04 9.00533e-03 5.70887e-04 6.02639e-04 2.10892e-04 1.87073e-05 1.04254e-04 -1.65160e-04 -1.63351e-05 -6.17325e-05 -3.25235e-05 -8.41575e-05
-3.63025e-02 1.34193e-03 7.85903e-03 6.05266e-03 -1.65347e-02 2.63118e-03 3.97695e-03 7.62172e-03 -2.42147e-03 6.92575e-04 1.93735e-04 8.83278e-04 5.70887e-04 4.33253e-03 2.37296e-04 -2.06414e-04 8.35671e-05 1.29658e-04 7.50139e-05 -3.97935e-06 -4.84224e-05 8.46384e-05 -3.85641e-05
-1.03698e-02 -4.76646e-02 2.98890e-03 -5.52242e-03 5.24116e-03 4.27304e-03 -1.91803e-03 7.99702e-04 3.50978e-04 -9.40560e-04 -5.45503e-04 4.14661e-04 6.02639e-04 2.37296e-04 3.08383e-03 5.31320e-04 1.55993e-04 3.58617e-04 -1.17619e-04 -6.54066e-05 5.65715e-05 -1.31575e-04 3.48422e-05
-7.78560e-03 -2.64198e-02 1.27053e-02 -1.77504e-05 3.58568e-03 -6.23221e-03 -2.88061e-03 -6.26935e-04 -1.22390e-03 -7.97415e-05 -1.10069e-04 -1.01186e-03 2.10892e-04 -2.06414e-04 5.31320e-04 1.91368e-03 4.90102e-04 2.22265e-04 -3.13023e-05 2.16282e-04 1.17948e-04 -4.78188e-06 4.36160e-05
-1.14354e-02 -1.27617e-02 9.34815e-03 -2.81962e-03 1.86588e-03 -3.27422e-03 -2.87204e-03 -7.24308e-04 1.42024e-04 3.16788e-04 9.32317e-04 2.11346e-05 1.87073e-05 8.35671e-05 1.55993e-04 4.90102e-04 1.10565e-03 2.50681e-04 6.09644e-05 9.72348e-05 2.01892e-05 4.40448e-06 -7.91457e-05
-8.38555e-03 6.19729e-03 1.12273e-02 1.23892e-03 1.70797e-03 1.41760e-03 3.05989e-04 1.61305e-04 3.85517e-04 -7.45315e-04 -1.49481e-04 -5.55428e-04 1.04254e-04 1.29658e-04 3.58617e-04 2.22265e-04 2.50681e-04 7.89798e-04 2.03108e-04 7.47035e-05 3.65075e-05 -2.33686e-05 -3.86997e-05
-1.01088e-02 -2.47169e-03 6.63017e-03 1.05555e-03 8.37199e-04 1.95656e-04 -6.82815e-04 5.89635e-06 -4.25137e-04 5.55566e-05 -5.41992e-04 2.39404e-04 -1.65160e-04 7.50139e-05 -1.17619e-04 -3.13023e-05 6.09644e-05 2.03108e-04 4.94169e-04 2.05102e-04 6.04108e-05 1.46759e-05 -2.67088e-05
-1.18581e-02 8.67231e-03 4.02354e-03 -4.40620e-03 -1.25261e-03 -3.30847e-03 3.41938e-03 -1.27887e-03 3.96546e-04 2.13814e-04 1.01001e-04 2.21104e-04 -1.63351e-05 -3.97935e-06 -6.54066e-05 2.16282e-04 9.72348e-05 7.47035e-05 2.05102e-04 4.80387e-04 1.62130e-04 1.34447e-06 1.07218e-06
-4.96320e-03 -3.92554e-03 -1.00182e-03 -4.45345e-03 2.29980e-04 -1.45063e-03 1.24407e-03 6.73869e-04 1.75649e-04 -1.28583e-04 4.05727e-04 1.01251e-04 -6.17325e-05 -4.84224e-05 5.65715e-05 1.17948e-04 2.01892e-05 3.65075e-05 6.04108e-05 1.62130e-04 2.69968e-04 6.91347e-05 3.08179e-05
6.49600e-03 3.81524e-06 1.40417e-03 -3.39633e-03 4.03619e-03 1.30626e-03 -1.28610e-03 1.02590e-03 -5.42267e-04 5.39819e-04 4.22194e-04 -6.12756e-05 -3.25235e-05 8.46384e-05 -1.31575e-04 -4.78188e-06 4.40448e-06 -2.33686e-05 1.46759e-05 1.34447e-06 6.91347e-05 1.79769e-04 5.11044e-05
1.14229e-02 4.87775e-03 -1.30364e-03 -1.21352e-03 2.59651e-03 -7.39744e-04 -1.91429e-04 3.30977e-04 -1.09240e-04 -2.15412e-04 -3.60493e-05 -5.77126e-05 -8.41575e-05 -3.85641e-05 3.48422e-05 4.36160e-05 -7.91457e-05 -3.86997e-05 -2.67088e-05 1.07218e-06 3.08179e-05 5.11044e-05 1.36690e-04
