3.34138e+01 -2.21378e-01 -1.34359e+00 1.65889e+00 1.47776e+00 2.52755e-01 1.98455e-01 -1.03860e-01 5.52647e-01 -5.28742e-03 -3.56740e-02 -7.00475e-02 -1.61377e-02 -9.27165e-02 -2.53433e-02 -3.18082e-02 5.41493e-03 -1.19300e-02 3.25790e-02 2.81139e-02 1.96440e-02 1.67228e-02 -5.95029e-03
-2.21378e-01 1.65097e+01 -5.26174e-01 9.46274e-01 1.89090e-01 5.30049e-01 3.88871e-02 -3.81346e-01 -2.61583e-01 1.40953e-02 8.16735e-02 2.65255e-02 1.07802e-01 7.07837e-02 7.40351e-03 3.60890e-03 3.48169e-02 6.13604e-03 5.24909e-03 9.35280e-03 -1.95461e-03 8.51524e-03 6.43220e-04
-1.34359e+00 -5.26174e-01 8.12109e+00 -3.25662e-02 -1.06753e-01 -8.46645e-03 3.48935e-02 7.48914e-02 -2.63526e-02 1.18802e-01 -2.09002e-02 -4.64447e-02 -2.28350e-02 -5.42094e-03 2.04446e-03 2.55671e-02 3.46564e-03 6.65747e-03 1.08432e-03 6.64517e-03 3.61392e-03 2.06173e-04 3.53857e-03
1.65889e+00 9.46274e-01 -3.25662e-02 2.52580e+00 2.20535e-01 1.77342e-01 1.95455e-01 -1.85240e-01 -1.76061e-02 -7.18450e-02 1.41015e-02 2.46435e-02 6.85213e-03 1.51369e-02 -1.12499e-02 7.04055e-03 -7.20858e-03 -6.63142e-03 -7.00930e-03 -3.08269e-03 1.44441e-03 -1.46149e-03 -2.54016e-03
1.47776e+00 1.89090e-01 -1.06753e-01 2.20535e-01 1.46228e+00 2.84919e-01 5.66138e-02 -1.15086e-01 -1.05625e-02 -5.82414e-04 3.69312e-02 -2.73372e-02 -2.15101e-03 2.34736e-04 -7.20357e-03 -1.30650e-02 -1.93037e-03 2.88709e-03 3.29431e-03 -2.18645e-03 -1.21585e-03 7.43532e-04 -1.21021e-03
2.52755e-01 5.30049e-01 -8.46645e-03 1.77342e-01 2.84919e-01 1.23624e+00 -1.16314e-01 4.87240e-02 -2.49028e-02 7.37932e-03 -7.05342e-03 -1.39738e-02 6.02447e-03 4.34619e-03 -8.87287e-03 -8.33771e-03 5.67775e-04 -1.22850e-03 -2.83428e-03 2.29584e-04 -1.11690e-04 -1.68028e-03 -8.94209e-04
1.98455e-01 3.88871e-02 3.48935e-02 1.95455e-01 5.66138e-02 -1.16314e-01 4.17519e-01 -2.78953e-03 1.60073e-02 2.51747e-03 7.93067e-03 1.27567e-02 1.26036e-02 -3.64562e-03 -2.67742e-03 -2.07619e-03 -3.83600e-03 -1.70295e-03 -2.12910e-04 -5.82514e-04 6.54738e-04 -7.31749e-05 -9.73835e-04
-1.03860e-01 -3.81346e-01 7.48914e-02 -1.85240e-01 -1.15086e-01 4.87240e-02 -2.78953e-03 3.10545e-01 -1.52081e-05 5.06047e-02 -1.59196e-02 -9.13003e-05 7.91985e-03 6.59962e-03 -1.32407e-03 2.12622e-03 3.49536e-03 1.17936e-04 -5.14443e-04 -1.46898e-03 -1.73017e-03 9.22310e-04 6.58534e-04
5.52647e-01 -2.61583e-01 -2.63526e-02 -1.76061e-02 -1.05625e-02 -2.49028e-02 1.60073e-02 -1.52081e-05 1.08568e-01 1.48433e-02 -1.63026e-03 2.99784e-03 1.71990e-04 -6.74829e-03 1.21129e-03 8.85904e-04 9.69624e-04 -3.74859e-04 1.02587e-03 1.47598e-03 1.07638e-03 -1.28052e-04 -4.64121e-05
-5.28742e-03 1.40953e-02 1.18802e-01 -7.18450e-02 -5.82414e-04 7.37932e-03 2.51747e-03 5.06047e-02 1.48433e-02 5.29131e-02 2.74084e-03 7.83430e-04 1.94870e-03 6.74410e-04 2.11790e-03 9.64801e-04 1.20498e-03 9.65945e-04 5.03976e-04 -6.67908e-05 -5.72832e-04 5.59555e-04 4.46779e-04
-3.56740e-02 8.16735e-02 -2.09002e-02 1.41015e-02 3.69312e-02 -7.05342e-03 7.93067e-03 -1.59196e-02 -1.63026e-03 2.74084e-03 3.40042e-02 4.21446e-03 1.08470e-03 4.29995e-05 1.57181e-03 4.32477e-04 -3.23473e-04 -7.51071e-04 -2.21172e-04 -4.65452e-04 -2.45611e-04 1.31867e-04 -8.69610e-05
-7.00475e-02 2.65255e-02 -4.64447e-02 2.46435e-02 -2.73372e-02 -1.39738e-02 1.27567e-02 -9.13003e-05 2.99784e-03 7.83430e-04 4.21446e-03 1.71546e-02 4.91604e-04 6.21574e-04 4.82374e-04 4.00261e-04 1.73284e-04 4.72484e-05 2.60274e-04 -8.95752e-05 -1.84229e-05 -7.06853e-05 -2.03698e-04
-1.61377e-02 1.07802e-01 -2.28350e-02 6.85213e-03 -2.15101e-03 6.02447e-03 1.26036e-02 7.91985e-03 1.71990e-04 1.94870e-03 1.08470e-03 4.91604e-04 7.47878e-03 1.00176e-03 -5.61517e-04 4.84272e-05 4.05105e-04 3.49130e-04 1.74578e-04 -2.14432e-04 -2.50128e-04 2.33517e-04 1.48922e-05
-9.27165e-02 7.07837e-02 -5.42094e-03 1.51369e-02 2.34736e-04 4.34619e-03 -3.64562e-03 6.59962e-03 -6.74829e-03 6.74410e-04 4.29995e-05 6.21574e-04 1.00176e-03 6.31992e-03 6.32200e-04 3.80541e-04 2.70995e-04 -1.28777e-04 -4.04146e-04 -4.75802e-04 -2.10623e-04 -2.11576e-04 2.36627e-05
-2.53433e-02 7.40351e-03 2.04446e-03 -1.12499e-02 -7.20357e-03 -8.87287e-03 -2.67742e-03 -1.32407e-03 1.21129e-03 2.11790e-03 1.57181e-03 4.82374e-04 -5.61517e-04 6.32200e-04 2.73955e-03 2.53189e-04 2.00963e-04 -9.40855e-05 4.03549e-05 8.27455e-05 1.24007e-04 9.38371e-05 1.59337e-04
-3.18082e-02 3.60890e-03 2.55671e-02 7.04055e-03 -1.30650e-02 -8.33771e-03 -2.07619e-03 2.12622e-03 8.85904e-04 9.64801e-04 4.32477e-04 4.00261e-04 4.84272e-05 3.80541e-04 2.53189e-04 1.76814e-03 2.07651e-04 -6.82751e-05 -6.88196e-05 1.72241e-05 5.62635e-05 -3.42026e-05 3.03911e-05
5.41493e-03 3.48169e-02 3.46564e-03 -7.20858e-03 -1.93037e-03 5.67775e-04 -3.83600e-03 3.49536e-03 9.69624e-04 1.20498e-03 -3.23473e-04 1.73284e-04 4.05105e-04 2.70995e-04 2.00963e-04 2.07651e-04 1.09172e-03 2.85083e-04 2.01942e-04 4.60075e-05 7.61912e-05 1.08932e-04 -5.30530e-06
-1.19300e-02 6.13604e-03 6.65747e-03 -6.63142e-03 2.88709e-03 -1.22850e-03 -1.70295e-03 1.17936e-04 -3.74859e-04 9.65945e-04 -7.51071e-04 4.72484e-05 3.49130e-04 -1.28777e-04 -9.40855e-05 -6.82751e-05 2.85083e-04 8.64070e-04 2.25857e-04 7.65866e-05 -6.17086e-06 7.25873e-05 -5.34817e-06
3.25790e-02 5.24909e-03 1.08432e-03 -7.00930e-03 3.29431e-03 -2.83428e-03 -2.12910e-04 -5.14443e-04 1.02587e-03 5.03976e-04 -2.21172e-04 2.60274e-04 1.74578e-04 -4.04146e-04 4.03549e-05 -6.88196e-05 2.01942e-04 2.25857e-04 6.28715e-04 2.29895e-04 8.31974e-05 6.12525e-05 6.70660e-06
2.81139e-02 9.35280e-03 6.64517e-03 -3.08269e-03 -2.18645e-03 2.29584e-04 -5.82514e-04 -1.46898e-03 1.47598e-03 -6.67908e-05 -4.65452e-04 -8.95752e-05 -2.14432e-04 -4.75802e-04 8.27455e-05 1.72241e-05 4.60075e-05 7.65866e-05 2.29895e-04 4.30714e-04 1.38749e-04 3.77207e-05 -4.98582e-05
1.96440e-02 -1.95461e-03 3.61392e-03 1.44441e-03 -1.21585e-03 -1.11690e-04 6.54738e-04 -1.73017e-03 1.07638e-03 -5.72832e-04 -2.45611e-04 -1.84229e-05 -2.50128e-04 -2.10623e-04 1.24007e-04 5.62635e-05 7.61912e-05 -6.17086e-06 8.31974e-05 1.38749e-04 2.99116e-04 6.41309e-05 -1.77635e-05
1.67228e-02 8.51524e-03 2.06173e-04 -1.46149e-03 7.43532e-04 -1.68028e-03 -7.31749e-05 9.22310e-04 -1.28052e-04 5.59555e-04 1.31867e-04 -7.06853e-05 2.33517e-04 -2.11576e-04 9.38371e-05 -3.42026e-05 1.08932e-04 7.25873e-05 6.12525e-05 3.77207e-05 6.41309e-05 2.14757e-04 5.32497e-05
-5.95029e-03 6.43220e-04 3.53857e-03 -2.54016e-03 -1.21021e-03 -8.94209e-04 -9.73835e-04 6.58534e-04 -4.64121e-05 4.46779e-04 -8.69610e-05 -2.03698e-04 1.48922e-05 2.36627e-05 1.59337e-04 3.03911e-05 -5.30530e-06 -5.34817e-06 6.70660e-06 -4.98582e-05 -1.77635e-05 5.32497e-05 1.59839e-04
