1.79437e+03 2.67138e+02 1.41098e+02 1.84487e+02 1.20600e+02 1.78615e+02 1.11921e+02 7.82333e+01 4.85493e+01 4.23449e+01 3.59339e+01 3.14011e+01 2.53899e+01 1.96163e+01 1.43520e+01 1.11085e+01 8.94024e+00 7.45759e+00 6.51694e+00 6.76253e+00 7.81496e+00 7.06897e+00 6.12527e+00
2.67138e+02 6.18093e+02 8.99610e+01 9.49150e+01 1.08676e+02 1.21400e+02 6.12331e+01 3.54867e+01 3.71317e+01 2.21183e+01 1.99714e+01 1.47609e+01 1.35403e+01 1.04270e+01 9.89843e+00 6.29926e+00 4.88458e+00 4.79785e+00 3.97506e+00 3.75541e+00 3.06876e+00 3.00818e+00 3.28473e+00
1.41098e+02 8.99610e+01 4.34115e+02 1.23019e+02 1.13337e+02 1.03916e+02 4.62459e+01 3.82134e+01 3.15095e+01 2.70842e+01 2.49682e+01 2.30557e+01 1.67208e+01 1.56386e+01 1.23349e+01 1.08893e+01 7.61402e+00 5.85894e+00 4.12118e+00 3.12368e+00 3.14718e+00 3.00780e+00 2.76885e+00
1.84487e+02 9.49150e+01 1.23019e+02 2.36757e+02 7.15968e+01 6.97146e+01 4.30925e+01 3.41618e+01 2.22190e+01 1.91198e+01 1.78738e+01 1.15074e+01 1.09985e+01 8.78461e+00 6.86216e+00 5.21977e+00 4.80533e+00 3.50730e+00 2.71149e+00 2.44392e+00 1.94027e+00 1.77674e+00 2.00491e+00
1.20600e+02 1.08676e+02 1.13337e+02 7.15968e+01 1.42881e+02 8.28009e+01 4.36659e+01 3.59676e+01 2.54291e+01 2.32872e+01 1.93087e+01 1.55528e+01 1.29037e+01 1.07264e+01 9.10168e+00 7.26484e+00 5.50422e+00 4.53428e+00 3.38794e+00 2.96947e+00 2.72870e+00 2.58394e+00 2.64958e+00
1.78615e+02 1.21400e+02 1.03916e+02 6.97146e+01 8.28009e+01 1.39461e+02 5.92293e+01 3.94887e+01 3.41739e+01 2.83776e+01 2.35233e+01 1.88582e+01 1.54658e+01 1.31836e+01 9.63173e+00 8.26344e+00 6.63572e+00 5.49776e+00 4.20006e+00 3.48707e+00 3.13248e+00 2.65422e+00 2.59159e+00
1.11921e+02 6.12331e+01 4.62459e+01 4.30925e+01 4.36659e+01 5.92293e+01 6.10432e+01 2.77510e+01 2.14388e+01 1.93887e+01 1.54874e+01 1.23523e+01 1.01820e+01 8.13224e+00 6.18666e+00 5.20854e+00 4.16204e+00 3.18007e+00 2.83628e+00 2.30905e+00 1.85441e+00 1.58523e+00 1.47925e+00
7.82333e+01 3.54867e+01 3.82134e+01 3.41618e+01 3.59676e+01 3.94887e+01 2.77510e+01 2.95891e+01 1.50952e+01 1.29466e+01 1.17680e+01 8.66236e+00 7.13967e+00 5.88654e+00 4.64847e+00 3.77775e+00 3.25642e+00 2.48497e+00 1.99124e+00 1.60825e+00 1.45803e+00 1.39800e+00 1.21657e+00
4.85493e+01 3.71317e+01 3.15095e+01 2.22190e+01 2.54291e+01 3.41739e+01 2.14388e+01 1.50952e+01 1.72337e+01 1.04052e+01 8.51924e+00 6.23903e+00 5.52911e+00 4.33784e+00 3.62891e+00 2.83243e+00 2.28381e+00 1.81880e+00 1.41451e+00 1.24989e+00 1.02874e+00 8.96027e-01 7.68431e-01
4.23449e+01 2.21183e+01 2.70842e+01 1.91198e+01 2.32872e+01 2.83776e+01 1.93887e+01 1.29466e+01 1.04052e+01 1.16117e+01 7.94659e+00 6.14516e+00 5.07481e+00 4.25238e+00 3.26570e+00 2.79483e+00 2.27957e+00 1.74530e+00 1.36962e+00 1.12826e+00 1.01287e+00 8.51618e-01 7.59718e-01
3.59339e+01 1.99714e+01 2.49682e+01 1.78738e+01 1.93087e+01 2.35233e+01 1.54874e+01 1.17680e+01 8.51924e+00 7.94659e+00 8.08348e+00 5.29810e+00 4.41796e+00 3.65884e+00 2.76366e+00 2.32355e+00 1.84897e+00 1.44716e+00 1.22894e+00 1.02888e+00 9.20981e-01 8.06464e-01 7.17579e-01
3.14011e+01 1.47609e+01 2.30557e+01 1.15074e+01 1.55528e+01 1.88582e+01 1.23523e+01 8.66236e+00 6.23903e+00 6.14516e+00 5.29810e+00 5.16200e+00 3.60758e+00 2.95756e+00 2.24748e+00 1.95997e+00 1.49941e+00 1.17242e+00 9.54248e-01 7.41298e-01 6.58502e-01 5.79900e-01 5.47829e-01
2.53899e+01 1.35403e+01 1.67208e+01 1.09985e+01 1.29037e+01 1.54658e+01 1.01820e+01 7.13967e+00 5.52911e+00 5.07481e+00 4.41796e+00 3.60758e+00 3.19528e+00 2.41417e+00 1.86110e+00 1.58842e+00 1.22404e+00 9.57631e-01 7.91339e-01 6.63587e-01 6.01239e-01 5.23055e-01 4.75502e-01
1.96163e+01 1.04270e+01 1.56386e+01 8.78461e+00 1.07264e+01 1.31836e+01 8.13224e+00 5.88654e+00 4.33784e+00 4.25238e+00 3.65884e+00 2.95756e+00 2.41417e+00 2.21697e+00 1.58680e+00 1.41273e+00 1.10064e+00 8.74728e-01 7.15566e-01 5.80007e-01 5.08696e-01 4.55276e-01 4.25021e-01
1.43520e+01 9.89843e+00 1.23349e+01 6.86216e+00 9.10168e+00 9.63173e+00 6.18666e+00 4.64847e+00 3.62891e+00 3.26570e+00 2.76366e+00 2.24748e+00 1.86110e+00 1.58680e+00 1.37773e+00 1.13626e+00 8.96144e-01 6.90374e-01 5.59462e-01 4.70036e-01 4.20558e-01 3.84830e-01 3.60958e-01
1.11085e+01 6.29926e+00 1.08893e+01 5.21977e+00 7.26484e+00 8.26344e+00 5.20854e+00 3.77775e+00 2.83243e+00 2.79483e+00 2.32355e+00 1.95997e+00 1.58842e+00 1.41273e+00 1.13626e+00 1.11003e+00 8.45586e-01 6.73089e-01 5.50081e-01 4.54007e-01 3.91014e-01 3.53687e-01 3.33837e-01
8.94024e+00 4.88458e+00 7.61402e+00 4.80533e+00 5.50422e+00 6.63572e+00 4.16204e+00 3.25642e+00 2.28381e+00 2.27957e+00 1.84897e+00 1.49941e+00 1.22404e+00 1.10064e+00 8.96144e-01 8.45586e-01 7.55357e-01 5.84386e-01 4.63932e-01 3.82063e-01 3.32075e-01 2.93415e-01 2.71965e-01
7.45759e+00 4.79785e+00 5.85894e+00 3.50730e+00 4.53428e+00 5.49776e+00 3.18007e+00 2.48497e+00 1.81880e+00 1.74530e+00 1.44716e+00 1.17242e+00 9.57631e-01 8.74728e-01 6.90374e-01 6.73089e-01 5.84386e-01 5.32912e-01 4.18552e-01 3.48301e-01 2.92883e-01 2.62912e-01 2.48051e-01
6.51694e+00 3.97506e+00 4.12118e+00 2.71149e+00 3.38794e+00 4.20006e+00 2.83628e+00 1.99124e+00 1.41451e+00 1.36962e+00 1.22894e+00 9.54248e-01 7.91339e-01 7.15566e-01 5.59462e-01 5.50081e-01 4.63932e-01 4.18552e-01 3.86018e-01 3.19030e-01 2.61397e-01 2.33394e-01 2.15898e-01
6.76253e+00 3.75541e+00 3.12368e+00 2.44392e+00 2.96947e+00 3.48707e+00 2.30905e+00 1.60825e+00 1.24989e+00 1.12826e+00 1.02888e+00 7.41298e-01 6.63587e-01 5.80007e-01 4.70036e-01 4.54007e-01 3.82063e-01 3.48301e-01 3.19030e-01 3.11916e-01 2.59937e-01 2.30973e-01 2.10266e-01
7.81496e+00 3.06876e+00 3.14718e+00 1.94027e+00 2.72870e+00 3.13248e+00 1.85441e+00 1.45803e+00 1.02874e+00 1.01287e+00 9.20981e-01 6.58502e-01 6.01239e-01 5.08696e-01 4.20558e-01 3.91014e-01 3.32075e-01 2.92883e-01 2.61397e-01 2.59937e-01 2.56799e-01 2.32557e-01 2.04952e-01
7.06897e+00 3.00818e+00 3.00780e+00 1.77674e+00 2.58394e+00 2.65422e+00 1.58523e+00 1.39800e+00 8.96027e-01 8.51618e-01 8.06464e-01 5.79900e-01 5.23055e-01 4.55276e-01 3.84830e-01 3.53687e-01 2.93415e-01 2.62912e-01 2.33394e-01 2.30973e-01 2.32557e-01 2.46087e-01 2.26902e-01
6.12527e+00 3.28473e+00 2.76885e+00 2.00491e+00 2.64958e+00 2.59159e+00 1.47925e+00 1.21657e+00 7.68431e-01 7.59718e-01 7.17579e-01 5.47829e-01 4.75502e-01 4.25021e-01 3.60958e-01 3.33837e-01 2.71965e-01 2.48051e-01 2.15898e-01 2.10266e-01 2.04952e-01 2.26902e-01 2.36757e-01
