4.40308e+01 2.18961e+00 -2.29403e+00 -6.79104e-01 -1.09306e+00 -2.69311e-01 5.64055e-01 -1.62764e-01 1.65203e-01 -6.94809e-02 1.26865e-01 1.73089e-01 -1.13573e-03 7.37963e-02 -2.50826e-03 2.05401e-02 2.09841e-02 2.23091e-02 -1.63547e-02 -2.22478e-03 1.85110e-02 1.10486e-02 3.88881e-03
2.18961e+00 1.52218e+01 -2.04194e+00 7.87923e-02 -4.46255e-01 4.01273e-01 -1.25670e-01 -1.67658e-01 1.61068e-03 5.11422e-02 4.77946e-02 -3.13390e-02 -3.27358e-02 -4.71783e-02 -7.11706e-03 4.32330e-02 2.08717e-02 2.06101e-02 3.79777e-03 2.44400e-02 1.03953e-02 -2.63796e-03 -6.65213e-03
-2.29403e+00 -2.04194e+00 5.37008e+00 -2.71104e-01 -2.08066e-01 -2.65171e-01 -5.17521e-02 6.35200e-02 8.10672e-02 5.28840e-03 -2.16706e-02 -3.80046e-02 3.06908e-02 4.65087e-02 2.93925e-02 2.20810e-02 1.67376e-02 8.65016e-03 -1.46741e-03 6.05789e-03 4.47786e-04 -2.07872e-03 9.12782e-04
-6.79104e-01 7.87923e-02 -2.71104e-01 5.10271e+00 -4.84166e-01 2.75805e-01 -1.49099e-01 6.59508e-02 1.30598e-01 9.19359e-02 -6.01034e-02 4.61515e-02 2.44063e-02 2.13238e-02 5.43491e-03 -1.88105e-02 7.30711e-03 -7.26794e-04 -1.18015e-02 -4.43266e-03 1.88603e-03 3.06917e-03 8.03902e-03
-1.09306e+00 -4.46255e-01 -2.08066e-01 -4.84166e-01 2.06544e+00 -1.64962e-01 -1.01990e-01 -1.31445e-01 -3.67592e-02 -1.07764e-02 1.68870e-02 8.93957e-03 4.16887e-02 -6.25538e-03 -6.75128e-03 -2.91664e-05 8.41746e-03 -6.47309e-03 1.42691e-03 7.46797e-05 -4.39191e-03 7.68454e-04 -9.70971e-04
-2.69311e-01 4.01273e-01 -2.65171e-01 2.75805e-01 -1.64962e-01 1.35436e+00 1.47881e-02 7.73743e-03 6.23556e-02 6.13121e-02 -1.41897e-02 -1.24778e-02 1.57866e-02 1.25151e-02 -7.60430e-03 1.56969e-04 -3.78843e-03 3.50155e-03 8.13412e-03 3.47822e-03 5.76692e-03 1.22874e-03 -1.71904e-03
5.64055e-01 -1.25670e-01 -5.17521e-02 -1.49099e-01 -1.01990e-01 1.47881e-02 5.49431e-01 -3.05789e-02 -1.69290e-03 3.41183e-02 8.99756e-03 4.99701e-03 2.39595e-03 -6.98244e-03 -6.63180e-03 -6.34445e-03 -4.11734e-03 2.42736e-03 2.18387e-03 9.46662e-04 6.68086e-04 1.49076e-03 4.78918e-04
-1.62764e-01 -1.67658e-01 6.35200e-02 6.59508e-02 -1.31445e-01 7.73743e-03 -3.05789e-02 2.62786e-01 1.07420e-02 2.46619e-02 -7.36564e-04 1.27825e-03 6.53559e-04 1.88197e-03 2.04747e-03 -1.94243e-03 -3.77748e-03 -1.66128e-03 1.40916e-03 -5.44219e-04 7.98563e-04 -7.16969e-04 3.03653e-04
1.65203e-01 1.61068e-03 8.10672e-02 1.30598e-01 -3.67592e-02 6.23556e-02 -1.69290e-03 1.07420e-02 1.63933e-01 1.73538e-02 -1.98058e-03 6.81671e-03 6.03507e-03 -2.71730e-03 -2.70991e-03 -1.67478e-03 1.78809e-04 -6.16479e-04 -1.47736e-03 -5.89131e-04 -1.37158e-04 4.13089e-04 5.34936e-04
-6.94809e-02 5.11422e-02 5.28840e-03 9.19359e-02 -1.07764e-02 6.13121e-02 3.41183e-02 2.46619e-02 1.73538e-02 9.15570e-02 6.34958e-04 -1.37937e-04 4.33495e-03 -2.62180e-03 -1.73528e-03 -1.00046e-03 -1.72247e-04 -4.55526e-06 1.59237e-03 -3.51199e-04 -1.67923e-04 3.85079e-04 -6.90227e-05
1.26865e-01 4.77946e-02 -2.16706e-02 -6.01034e-02 1.68870e-02 -1.41897e-02 8.99756e-03 -7.36564e-04 -1.98058e-03 6.34958e-04 4.75720e-02 3.48883e-03 4.44947e-03 -4.07493e-04 -4.38516e-04 6.46964e-04 4.14687e-04 -6.24071e-04 1.18718e-04 9.16505e-04 -3.97766e-04 -5.00687e-05 -1.10200e-04
1.73089e-01 -3.13390e-02 -3.80046e-02 4.61515e-02 8.93957e-03 -1.24778e-02 4.99701e-03 1.27825e-03 6.81671e-03 -1.37937e-04 3.48883e-03 1.63586e-02 2.13666e-03 -5.91598e-04 -9.17044e-04 -8.12110e-05 -3.37000e-04 -3.34263e-04 -2.75149e-04 -4.05571e-05 -1.16482e-04 -2.22991e-05 1.18137e-04
-1.13573e-03 -3.27358e-02 3.06908e-02 2.44063e-02 4.16887e-02 1.57866e-02 2.39595e-03 6.53559e-04 6.03507e-03 4.33495e-03 4.44947e-03 2.13666e-03 1.46581e-02 2.79882e-03 -1.47367e-03 -3.55372e-04 5.72110e-04 1.52518e-04 2.88080e-04 -2.21821e-04 9.92858e-05 1.67186e-04 -9.38730e-07
7.37963e-02 -4.71783e-02 4.65087e-02 2.13238e-02 -6.25538e-03 1.25151e-02 -6.98244e-03 1.88197e-03 -2.71730e-03 -2.62180e-03 -4.07493e-04 -5.91598e-04 2.79882e-03 8.12578e-03 5.71254e-04 1.45704e-04 -2.12458e-04 5.18758e-05 -8.48695e-05 -3.09341e-04 1.13229e-04 -1.85160e-04 -9.17796e-05
-2.50826e-03 -7.11706e-03 2.93925e-02 5.43491e-03 -6.75128e-03 -7.60430e-03 -6.63180e-03 2.04747e-03 -2.70991e-03 -1.73528e-03 -4.38516e-04 -9.17044e-04 -1.47367e-03 5.71254e-04 3.73525e-03 4.01621e-04 4.33818e-04 2.26521e-04 1.90286e-04 1.17110e-04 1.04315e-04 5.80337e-05 6.77599e-05
2.05401e-02 4.32330e-02 2.20810e-02 -1.88105e-02 -2.91664e-05 1.56969e-04 -6.34445e-03 -1.94243e-03 -1.67478e-03 -1.00046e-03 6.46964e-04 -8.12110e-05 -3.55372e-04 1.45704e-04 4.01621e-04 2.88588e-03 5.06879e-04 5.40580e-04 1.36233e-04 3.61537e-04 -7.68007e-05 -9.86735e-05 -4.95590e-05
2.09841e-02 2.08717e-02 1.67376e-02 7.30711e-03 8.41746e-03 -3.78843e-03 -4.11734e-03 -3.77748e-03 1.78809e-04 -1.72247e-04 4.14687e-04 -3.37000e-04 5.72110e-04 -2.12458e-04 4.33818e-04 5.06879e-04 1.57307e-03 4.76917e-04 1.81809e-04 2.10727e-04 -7.02086e-05 2.47434e-05 -6.76838e-06
2.23091e-02 2.06101e-02 8.65016e-03 -7.26794e-04 -6.47309e-03 3.50155e-03 2.42736e-03 -1.66128e-03 -6.16479e-04 -4.55526e-06 -6.24071e-04 -3.34263e-04 1.52518e-04 5.18758e-05 2.26521e-04 5.40580e-04 4.76917e-04 1.15323e-03 5.47216e-04 3.57856e-04 1.38732e-04 3.95618e-05 -3.78373e-05
-1.63547e-02 3.79777e-03 -1.46741e-03 -1.18015e-02 1.42691e-03 8.13412e-03 2.18387e-03 1.40916e-03 -1.47736e-03 1.59237e-03 1.18718e-04 -2.75149e-04 2.88080e-04 -8.48695e-05 1.90286e-04 1.36233e-04 1.81809e-04 5.47216e-04 9.26014e-04 4.04993e-04 1.46206e-04 3.22927e-05 -1.89501e-06
-2.22478e-03 2.44400e-02 6.05789e-03 -4.43266e-03 7.46797e-05 3.47822e-03 9.46662e-04 -5.44219e-04 -5.89131e-04 -3.51199e-04 9.16505e-04 -4.05571e-05 -2.21821e-04 -3.09341e-04 1.17110e-04 3.61537e-04 2.10727e-04 3.57856e-04 4.04993e-04 7.58875e-04 1.74288e-04 5.00703e-05 -3.17780e-05
1.85110e-02 1.03953e-02 4.47786e-04 1.88603e-03 -4.39191e-03 5.76692e-03 6.68086e-04 7.98563e-04 -1.37158e-04 -1.67923e-04 -3.97766e-04 -1.16482e-04 9.92858e-05 1.13229e-04 1.04315e-04 -7.68007e-05 -7.02086e-05 1.38732e-04 1.46206e-04 1.74288e-04 3.63736e-04 1.24681e-04 6.64556e-06
1.10486e-02 -2.63796e-03 -2.07872e-03 3.06917e-03 7.68454e-04 1.22874e-03 1.49076e-03 -7.16969e-04 4.13089e-04 3.85079e-04 -5.00687e-05 -2.22991e-05 1.67186e-04 -1.85160e-04 5.80337e-05 -9.86735e-05 2.47434e-05 3.95618e-05 3.22927e-05 5.00703e-05 1.24681e-04 2.78308e-04 3.20840e-05
3.88881e-03 -6.65213e-03 9.12782e-04 8.03902e-03 -9.70971e-04 -1.71904e-03 4.78918e-04 3.03653e-04 5.34936e-04 -6.90227e-05 -1.10200e-04 1.18137e-04 -9.38730e-07 -9.17796e-05 6.77599e-05 -4.95590e-05 -6.76838e-06 -3.78373e-05 -1.89501e-06 -3.17780e-05 6.64556e-06 3.20840e-05 1.32260e-04
