8.66908e+03 -1.39638e+02 4.14886e+02 1.51352e+02 1.55133e+02 9.06843e+01 2.63273e+00 3.54775e+01 -2.03578e+01 1.09705e+00 3.42326e+01 -4.28618e-01 -5.44281e+00 4.95322e+00 7.20576e+00 3.86834e+00 5.81905e+00 1.00444e+01 6.23747e+00 7.35264e-01 1.61742e-01 2.85934e+00 2.81162e+00
-1.39638e+02 1.97201e+03 -5.19391e+01 -3.72872e+01 -4.32836e+01 1.09866e+02 8.61961e+01 2.76684e+01 2.22500e+01 -2.76742e+00 4.15967e+00 4.22297e+00 8.06893e+00 2.11937e+00 -2.25328e-01 9.01013e-01 -7.85216e-01 1.57970e+00 5.67017e-01 1.27794e+00 4.57213e-01 -3.62350e-01 2.33143e+00
4.14886e+02 -5.19391e+01 1.02875e+03 4.41657e+00 9.06919e+01 7.81420e+00 2.95828e+01 3.77380e+01 3.26137e+01 2.21563e+01 2.58847e+01 9.20369e+00 9.36500e+00 6.70547e+00 7.43038e+00 8.50666e+00 6.43744e+00 3.64201e+00 3.22860e+00 3.20292e+00 2.82147e+00 4.30120e+00 2.80080e+00
1.51352e+02 -3.72872e+01 4.41657e+00 3.38736e+02 6.15729e+01 5.47805e+01 3.62932e+01 2.01751e+01 1.24251e+01 2.21325e+01 1.40132e+01 1.09218e+01 9.41154e+00 7.03447e+00 5.67397e+00 4.68509e+00 3.64645e+00 3.44094e+00 2.44841e+00 2.12074e+00 2.82476e+00 2.27948e+00 2.19181e+00
1.55133e+02 -4.32836e+01 9.06919e+01 6.15729e+01 2.75297e+02 3.37285e+01 4.40781e+01 3.44612e+01 3.04979e+01 2.92716e+01 2.08586e+01 1.77221e+01 1.15611e+01 1.03021e+01 8.74527e+00 8.00702e+00 5.97855e+00 3.23880e+00 2.54968e+00 1.80575e+00 2.64540e+00 2.82621e+00 2.72484e+00
9.06843e+01 1.09866e+02 7.81420e+00 5.47805e+01 3.37285e+01 1.99823e+02 5.58525e+01 3.39387e+01 2.52598e+01 1.75979e+01 1.64699e+01 1.25378e+01 1.18738e+01 1.15553e+01 7.99659e+00 6.06477e+00 5.26448e+00 5.15756e+00 3.38299e+00 3.16139e+00 2.84221e+00 2.39862e+00 2.28123e+00
2.63273e+00 8.61961e+01 2.95828e+01 3.62932e+01 4.40781e+01 5.58525e+01 6.46190e+01 2.30781e+01 1.86838e+01 1.61681e+01 1.18981e+01 1.05836e+01 8.46474e+00 7.30906e+00 5.43793e+00 4.49559e+00 3.86618e+00 2.75890e+00 1.93541e+00 1.48065e+00 1.26156e+00 9.61625e-01 1.10031e+00
3.54775e+01 2.76684e+01 3.77380e+01 2.01751e+01 3.44612e+01 3.39387e+01 2.30781e+01 3.26162e+01 1.28655e+01 1.27961e+01 1.10594e+01 8.29712e+00 7.12240e+00 5.90566e+00 4.09461e+00 3.65257e+00 2.97588e+00 2.70503e+00 1.91572e+00 1.61269e+00 1.28262e+00 1.21735e+00 1.07877e+00
-2.03578e+01 2.22500e+01 3.26137e+01 1.24251e+01 3.04979e+01 2.52598e+01 1.86838e+01 1.28655e+01 1.98519e+01 9.33631e+00 8.52075e+00 6.25221e+00 5.58901e+00 4.65730e+00 3.65193e+00 2.96376e+00 2.28609e+00 1.84166e+00 1.48297e+00 1.15086e+00 1.09649e+00 1.02213e+00 8.66014e-01
1.09705e+00 -2.76742e+00 2.21563e+01 2.21325e+01 2.92716e+01 1.75979e+01 1.61681e+01 1.27961e+01 9.33631e+00 1.22182e+01 7.12511e+00 5.70675e+00 4.27622e+00 3.87779e+00 2.98756e+00 2.48066e+00 1.84827e+00 1.55725e+00 1.14545e+00 8.42728e-01 8.04793e-01 7.18850e-01 6.09302e-01
3.42326e+01 4.15967e+00 2.58847e+01 1.40132e+01 2.08586e+01 1.64699e+01 1.18981e+01 1.10594e+01 8.52075e+00 7.12511e+00 8.82262e+00 4.54488e+00 3.83120e+00 3.55539e+00 2.51942e+00 1.91690e+00 1.51413e+00 1.34304e+00 9.90212e-01 8.10481e-01 7.82581e-01 7.15864e-01 6.37358e-01
-4.28618e-01 4.22297e+00 9.20369e+00 1.09218e+01 1.77221e+01 1.25378e+01 1.05836e+01 8.29712e+00 6.25221e+00 5.70675e+00 4.54488e+00 5.28848e+00 3.08999e+00 2.68143e+00 2.24759e+00 1.78169e+00 1.32365e+00 1.03345e+00 7.96889e-01 6.13066e-01 5.86242e-01 5.34394e-01 5.07123e-01
-5.44281e+00 8.06893e+00 9.36500e+00 9.41154e+00 1.15611e+01 1.18738e+01 8.46474e+00 7.12240e+00 5.58901e+00 4.27622e+00 3.83120e+00 3.08999e+00 3.39594e+00 2.37415e+00 1.77157e+00 1.41430e+00 1.09477e+00 9.22583e-01 6.86243e-01 6.13137e-01 5.26526e-01 4.42063e-01 4.16152e-01
4.95322e+00 2.11937e+00 6.70547e+00 7.03447e+00 1.03021e+01 1.15553e+01 7.30906e+00 5.90566e+00 4.65730e+00 3.87779e+00 3.55539e+00 2.68143e+00 2.37415e+00 2.48645e+00 1.61438e+00 1.31926e+00 1.07439e+00 9.25140e-01 6.92322e-01 5.38681e-01 4.86939e-01 4.09192e-01 3.51525e-01
7.20576e+00 -2.25328e-01 7.43038e+00 5.67397e+00 8.74527e+00 7.99659e+00 5.43793e+00 4.09461e+00 3.65193e+00 2.98756e+00 2.51942e+00 2.24759e+00 1.77157e+00 1.61438e+00 1.56641e+00 1.08141e+00 8.71487e-01 7.12191e-01 5.60504e-01 4.20367e-01 3.96858e-01 3.70374e-01 3.33078e-01
3.86834e+00 9.01013e-01 8.50666e+00 4.68509e+00 8.00702e+00 6.06477e+00 4.49559e+00 3.65257e+00 2.96376e+00 2.48066e+00 1.91690e+00 1.78169e+00 1.41430e+00 1.31926e+00 1.08141e+00 1.00616e+00 7.80897e-01 6.09651e-01 4.76814e-01 3.75660e-01 3.42547e-01 3.10666e-01 2.80410e-01
5.81905e+00 -7.85216e-01 6.43744e+00 3.64645e+00 5.97855e+00 5.26448e+00 3.86618e+00 2.97588e+00 2.28609e+00 1.84827e+00 1.51413e+00 1.32365e+00 1.09477e+00 1.07439e+00 8.71487e-01 7.80897e-01 7.52086e-01 5.74754e-01 4.45500e-01 3.47038e-01 2.92635e-01 2.62823e-01 2.38413e-01
1.00444e+01 1.57970e+00 3.64201e+00 3.44094e+00 3.23880e+00 5.15756e+00 2.75890e+00 2.70503e+00 1.84166e+00 1.55725e+00 1.34304e+00 1.03345e+00 9.22583e-01 9.25140e-01 7.12191e-01 6.09651e-01 5.74754e-01 5.59720e-01 4.16283e-01 3.22078e-01 2.61399e-01 2.33015e-01 2.09968e-01
6.23747e+00 5.67017e-01 3.22860e+00 2.44841e+00 2.54968e+00 3.38299e+00 1.93541e+00 1.91572e+00 1.48297e+00 1.14545e+00 9.90212e-01 7.96889e-01 6.86243e-01 6.92322e-01 5.60504e-01 4.76814e-01 4.45500e-01 4.16283e-01 3.75526e-01 2.75726e-01 2.26536e-01 2.10371e-01 1.89513e-01
7.35264e-01 1.27794e+00 3.20292e+00 2.12074e+00 1.80575e+00 3.16139e+00 1.48065e+00 1.61269e+00 1.15086e+00 8.42728e-01 8.10481e-01 6.13066e-01 6.13137e-01 5.38681e-01 4.20367e-01 3.75660e-01 3.47038e-01 3.22078e-01 2.75726e-01 2.61999e-01 2.13770e-01 1.86905e-01 1.69832e-01
1.61742e-01 4.57213e-01 2.82147e+00 2.82476e+00 2.64540e+00 2.84221e+00 1.26156e+00 1.28262e+00 1.09649e+00 8.04793e-01 7.82581e-01 5.86242e-01 5.26526e-01 4.86939e-01 3.96858e-01 3.42547e-01 2.92635e-01 2.61399e-01 2.26536e-01 2.13770e-01 2.29782e-01 1.97302e-01 1.71037e-01
2.85934e+00 -3.62350e-01 4.30120e+00 2.27948e+00 2.82621e+00 2.39862e+00 9.61625e-01 1.21735e+00 1.02213e+00 7.18850e-01 7.15864e-01 5.34394e-01 4.42063e-01 4.09192e-01 3.70374e-01 3.10666e-01 2.62823e-01 2.33015e-01 2.10371e-01 1.86905e-01 1.97302e-01 2.18158e-01 1.87224e-01
2.81162e+00 2.33143e+00 2.80080e+00 2.19181e+00 2.72484e+00 2.28123e+00 1.10031e+00 1.07877e+00 8.66014e-01 6.09302e-01 6.37358e-01 5.07123e-01 4.16152e-01 3.51525e-01 3.33078e-01 2.80410e-01 2.38413e-01 2.09968e-01 1.89513e-01 1.69832e-01 1.71037e-01 1.87224e-01 2.04331e-01
