3.04500e+01 -2.17579e+00 -4.99173e-01 9.19526e-01 -2.88483e-01 -5.11743e-01 -4.78293e-01 -1.38989e-01 -2.47204e-01 2.39933e-01 -1.16858e-01 -1.35707e-01 -9.98885e-02 -5.81310e-03 3.77837e-02 -2.49133e-02 1.79637e-02 1.80557e-04 -4.87469e-05 -1.98318e-04 -9.76872e-05 7.13017e-03 6.29933e-03
-2.17579e+00 1.72852e+01 -8.96394e-01 5.36715e-01 -8.97873e-01 4.56567e-01 -1.18200e-01 -1.95505e-01 4.21706e-04 -1.14137e-01 -6.62467e-02 -1.17432e-01 4.26266e-03 2.38473e-02 -1.06971e-03 -1.84345e-02 -4.72345e-03 -2.16809e-02 1.25983e-02 1.78016e-02 4.13043e-03 -1.16400e-02 -2.28607e-04
-4.99173e-01 -8.96394e-01 6.58264e+00 3.04656e-01 8.42052e-02 1.71703e-01 -1.59343e-01 -1.03288e-01 7.50102e-02 1.48221e-02 8.77253e-02 5.17338e-02 -6.21966e-02 -1.34261e-02 5.34909e-03 2.74684e-02 2.72849e-02 1.44836e-02 9.57126e-03 4.80652e-03 1.07661e-02 4.32198e-03 -8.98164e-03
9.19526e-01 5.36715e-01 3.04656e-01 3.71514e+00 -2.87538e-01 -4.24589e-02 -1.24194e-01 -1.84527e-01 -1.11730e-01 -7.46703e-02 -6.27053e-03 -6.15499e-02 4.76908e-03 -1.33210e-02 6.97797e-03 5.18857e-03 1.55279e-02 5.01551e-03 1.51046e-02 5.24911e-03 3.36352e-03 3.40462e-03 -7.77922e-05
-2.88483e-01 -8.97873e-01 8.42052e-02 -2.87538e-01 2.26265e+00 6.03512e-02 1.84632e-01 2.72995e-01 -6.10545e-02 3.59379e-02 4.97421e-02 3.15741e-02 9.35571e-04 6.86529e-04 4.27487e-03 -5.60934e-03 -2.04509e-04 6.81207e-03 -6.46152e-04 3.91064e-03 -1.09309e-03 6.22476e-04 9.45006e-04
-5.11743e-01 4.56567e-01 1.71703e-01 -4.24589e-02 6.03512e-02 1.30510e+00 1.69678e-02 9.87603e-02 1.46332e-02 2.94570e-03 1.38695e-02 -1.17296e-02 -1.16506e-02 -1.46726e-03 9.51598e-03 -1.67971e-04 -1.63268e-04 2.31593e-03 7.38696e-04 1.80209e-03 1.83747e-03 4.22879e-04 1.76055e-03
-4.78293e-01 -1.18200e-01 -1.59343e-01 -1.24194e-01 1.84632e-01 1.69678e-02 5.86960e-01 1.09867e-01 -4.18223e-02 -2.34263e-03 7.84690e-03 1.78034e-02 3.05667e-03 9.50983e-03 -8.42430e-04 -8.82138e-04 -3.26351e-03 1.58076e-03 2.85777e-03 3.43512e-03 2.45958e-03 -1.92979e-03 -2.97024e-04
-1.38989e-01 -1.95505e-01 -1.03288e-01 -1.84527e-01 2.72995e-01 9.87603e-02 1.09867e-01 3.01444e-01 7.92739e-03 1.33368e-02 7.84872e-03 -1.95274e-03 2.36257e-04 3.13532e-03 1.68442e-03 -3.88730e-03 -1.64072e-04 -1.12015e-03 -3.19196e-03 -4.61314e-04 2.04638e-03 2.62769e-04 -6.45714e-04
-2.47204e-01 4.21706e-04 7.50102e-02 -1.11730e-01 -6.10545e-02 1.46332e-02 -4.18223e-02 7.92739e-03 1.62069e-01 1.51185e-02 2.21733e-02 -4.12889e-03 2.24577e-04 2.04054e-04 -3.63603e-03 -2.79682e-04 -2.01521e-03 -2.40414e-03 -1.36983e-06 -1.27716e-03 -2.10150e-04 -5.42538e-04 -1.25464e-03
2.39933e-01 -1.14137e-01 1.48221e-02 -7.46703e-02 3.59379e-02 2.94570e-03 -2.34263e-03 1.33368e-02 1.51185e-02 7.06765e-02 7.31073e-04 4.65530e-03 -4.06054e-03 -2.58354e-03 -1.02678e-03 7.38503e-04 1.17731e-03 -3.92173e-05 -5.22223e-04 -2.34414e-04 6.67275e-04 -4.74620e-04 3.09490e-04
-1.16858e-01 -6.62467e-02 8.77253e-02 -6.27053e-03 4.97421e-02 1.38695e-02 7.84690e-03 7.84872e-03 2.21733e-02 7.31073e-04 4.62207e-02 3.26720e-03 2.71537e-03 -2.07915e-03 -2.33149e-03 -1.50874e-03 -4.89139e-05 4.96936e-04 -4.02892e-05 2.09689e-04 5.36962e-04 -1.17010e-04 -2.51609e-04
-1.35707e-01 -1.17432e-01 5.17338e-02 -6.15499e-02 3.15741e-02 -1.17296e-02 1.78034e-02 -1.95274e-03 -4.12889e-03 4.65530e-03 3.26720e-03 2.05749e-02 1.79626e-03 -3.39869e-03 5.11301e-04 6.61001e-04 2.46765e-04 5.20896e-04 6.22299e-04 5.70701e-04 5.71529e-04 2.54413e-04 2.71857e-04
-9.98885e-02 4.26266e-03 -6.21966e-02 4.76908e-03 9.35571e-04 -1.16506e-02 3.05667e-03 2.36257e-04 2.24577e-04 -4.06054e-03 2.71537e-03 1.79626e-03 1.30843e-02 6.09126e-04 -1.01144e-04 6.11193e-04 -3.69677e-04 4.08773e-04 -1.51927e-04 -4.41707e-04 -5.41909e-04 -1.30383e-04 -1.49170e-04
-5.81310e-03 2.38473e-02 -1.34261e-02 -1.33210e-02 6.86529e-04 -1.46726e-03 9.50983e-03 3.13532e-03 2.04054e-04 -2.58354e-03 -2.07915e-03 -3.39869e-03 6.09126e-04 6.55126e-03 9.15436e-05 4.55705e-04 -5.86409e-04 -1.76354e-04 -4.52587e-04 -1.05793e-04 -1.84242e-04 6.14982e-06 -2.91792e-04
3.77837e-02 -1.06971e-03 5.34909e-03 6.97797e-03 4.27487e-03 9.51598e-03 -8.42430e-04 1.68442e-03 -3.63603e-03 -1.02678e-03 -2.33149e-03 5.11301e-04 -1.01144e-04 9.15436e-05 3.49841e-03 2.47556e-04 2.79350e-04 3.28323e-04 7.74266e-05 5.32425e-05 -1.47150e-05 1.44933e-04 9.12738e-05
-2.49133e-02 -1.84345e-02 2.74684e-02 5.18857e-03 -5.60934e-03 -1.67971e-04 -8.82138e-04 -3.88730e-03 -2.79682e-04 7.38503e-04 -1.50874e-03 6.61001e-04 6.11193e-04 4.55705e-04 2.47556e-04 2.43550e-03 3.22209e-04 7.49478e-05 6.37484e-05 -4.96403e-05 -5.17088e-07 -6.49146e-05 2.02754e-05
1.79637e-02 -4.72345e-03 2.72849e-02 1.55279e-02 -2.04509e-04 -1.63268e-04 -3.26351e-03 -1.64072e-04 -2.01521e-03 1.17731e-03 -4.89139e-05 2.46765e-04 -3.69677e-04 -5.86409e-04 2.79350e-04 3.22209e-04 1.71594e-03 4.17616e-04 2.50826e-04 1.63432e-04 1.32572e-04 6.01435e-05 -5.29865e-05
1.80557e-04 -2.16809e-02 1.44836e-02 5.01551e-03 6.81207e-03 2.31593e-03 1.58076e-03 -1.12015e-03 -2.40414e-03 -3.92173e-05 4.96936e-04 5.20896e-04 4.08773e-04 -1.76354e-04 3.28323e-04 7.49478e-05 4.17616e-04 1.00613e-03 1.92402e-04 1.29026e-04 1.08257e-04 2.12497e-05 -4.94244e-06
-4.87469e-05 1.25983e-02 9.57126e-03 1.51046e-02 -6.46152e-04 7.38696e-04 2.85777e-03 -3.19196e-03 -1.36983e-06 -5.22223e-04 -4.02892e-05 6.22299e-04 -1.51927e-04 -4.52587e-04 7.74266e-05 6.37484e-05 2.50826e-04 1.92402e-04 6.64818e-04 1.87622e-04 7.81380e-05 -1.20484e-05 -4.59569e-05
-1.98318e-04 1.78016e-02 4.80652e-03 5.24911e-03 3.91064e-03 1.80209e-03 3.43512e-03 -4.61314e-04 -1.27716e-03 -2.34414e-04 2.09689e-04 5.70701e-04 -4.41707e-04 -1.05793e-04 5.32425e-05 -4.96403e-05 1.63432e-04 1.29026e-04 1.87622e-04 5.07109e-04 7.73465e-05 -2.27291e-05 3.67359e-05
-9.76872e-05 4.13043e-03 1.07661e-02 3.36352e-03 -1.09309e-03 1.83747e-03 2.45958e-03 2.04638e-03 -2.10150e-04 6.67275e-04 5.36962e-04 5.71529e-04 -5.41909e-04 -1.84242e-04 -1.47150e-05 -5.17088e-07 1.32572e-04 1.08257e-04 7.81380e-05 7.73465e-05 4.04781e-04 3.53009e-05 -2.96563e-06
7.13017e-03 -1.16400e-02 4.32198e-03 3.40462e-03 6.22476e-04 4.22879e-04 -1.92979e-03 2.62769e-04 -5.42538e-04 -4.74620e-04 -1.17010e-04 2.54413e-04 -1.30383e-04 6.14982e-06 1.44933e-04 -6.49146e-05 6.01435e-05 2.12497e-05 -1.20484e-05 -2.27291e-05 3.53009e-05 2.36199e-04 5.53169e-05
6.29933e-03 -2.28607e-04 -8.98164e-03 -7.77922e-05 9.45006e-04 1.76055e-03 -2.97024e-04 -6.45714e-04 -1.25464e-03 3.09490e-04 -2.51609e-04 2.71857e-04 -1.49170e-04 -2.91792e-04 9.12738e-05 2.02754e-05 -5.29865e-05 -4.94244e-06 -4.59569e-05 3.67359e-05 -2.96563e-06 5.53169e-05 2.67981e-04
