6.39916e+03 4.09263e+02 -2.44950e+02 1.09396e+02 5.57180e+01 8.38544e+01 9.47842e+01 7.37579e+01 4.18228e+01 4.96939e+00 2.32541e+01 -9.10944e-01 1.13611e+01 1.40017e+01 1.08057e+01 6.63385e+00 8.90397e+00 2.87496e+00 -2.11056e+00 2.06331e+00 1.94455e+00 -8.58919e-02 -1.76090e+00
4.09263e+02 1.87090e+03 7.18318e+01 9.57110e+01 2.04876e+02 4.13143e+01 3.86424e+01 2.74733e+01 1.87388e+01 1.35577e+01 1.30436e+01 1.18428e+01 1.47487e+01 4.81576e+00 5.45066e+00 6.17511e+00 1.15101e+00 4.97112e+00 1.73828e+00 1.89786e+00 3.53308e+00 3.84881e+00 3.67760e+00
-2.44950e+02 7.18318e+01 7.13683e+02 8.97078e+01 5.24626e+01 -1.31589e+01 1.86236e+01 3.34542e+00 4.20973e+00 5.17991e+00 1.26542e+01 2.51107e+00 6.02029e+00 2.58623e+00 4.25435e+00 1.82471e+00 2.80389e+00 2.30244e+00 1.30429e+00 1.28822e+00 8.41110e-01 1.58410e+00 1.35858e+00
1.09396e+02 9.57110e+01 8.97078e+01 2.75524e+02 5.20947e+01 1.95284e+01 2.31987e+01 1.21933e+01 6.00220e+00 6.50709e+00 8.22574e+00 1.78320e+00 3.10694e+00 3.26428e+00 3.51964e+00 2.30455e+00 1.34959e+00 4.42085e-01 1.92053e-01 4.17941e-01 7.67398e-01 8.19352e-01 4.87881e-01
5.57180e+01 2.04876e+02 5.24626e+01 5.20947e+01 1.86287e+02 4.90425e+01 1.23302e+01 2.33314e+01 1.51861e+01 1.50414e+01 1.20495e+01 8.86814e+00 7.72176e+00 6.30913e+00 5.05321e+00 4.28840e+00 3.36812e+00 2.34210e+00 1.28638e+00 1.26063e+00 1.62903e+00 1.39502e+00 1.24115e+00
8.38544e+01 4.13143e+01 -1.31589e+01 1.95284e+01 4.90425e+01 9.15194e+01 1.31489e+01 1.63666e+01 1.29415e+01 1.26821e+01 7.10614e+00 8.06932e+00 4.81262e+00 5.55504e+00 4.58435e+00 3.79328e+00 2.52352e+00 2.46974e+00 1.85772e+00 1.78965e+00 1.53445e+00 1.24333e+00 1.13717e+00
9.47842e+01 3.86424e+01 1.86236e+01 2.31987e+01 1.23302e+01 1.31489e+01 6.00358e+01 1.76181e+01 1.27935e+01 1.23576e+01 8.54627e+00 7.93585e+00 6.79608e+00 5.99015e+00 5.00626e+00 3.34982e+00 2.64570e+00 2.26652e+00 1.98930e+00 1.44874e+00 1.00909e+00 8.14728e-01 4.79667e-01
7.37579e+01 2.74733e+01 3.34542e+00 1.21933e+01 2.33314e+01 1.63666e+01 1.76181e+01 3.11857e+01 1.04107e+01 9.15495e+00 8.07597e+00 6.42456e+00 5.59638e+00 5.07087e+00 3.91354e+00 3.29600e+00 2.61174e+00 2.08531e+00 1.70239e+00 1.22641e+00 1.04274e+00 8.26892e-01 7.96675e-01
4.18228e+01 1.87388e+01 4.20973e+00 6.00220e+00 1.51861e+01 1.29415e+01 1.27935e+01 1.04107e+01 1.40083e+01 7.20691e+00 6.09255e+00 5.12486e+00 3.96945e+00 3.26660e+00 2.87940e+00 2.34520e+00 1.74766e+00 1.40578e+00 1.17926e+00 9.28213e-01 8.15189e-01 6.87052e-01 5.76557e-01
4.96939e+00 1.35577e+01 5.17991e+00 6.50709e+00 1.50414e+01 1.26821e+01 1.23576e+01 9.15495e+00 7.20691e+00 1.25416e+01 4.46573e+00 4.62829e+00 4.13532e+00 3.43584e+00 2.65254e+00 2.04527e+00 1.43763e+00 1.22175e+00 1.14562e+00 8.59824e-01 7.12450e-01 6.09418e-01 5.80027e-01
2.32541e+01 1.30436e+01 1.26542e+01 8.22574e+00 1.20495e+01 7.10614e+00 8.54627e+00 8.07597e+00 6.09255e+00 4.46573e+00 6.51616e+00 3.73369e+00 3.32864e+00 2.37331e+00 2.23693e+00 1.90377e+00 1.44351e+00 1.29030e+00 1.09495e+00 8.47436e-01 7.19950e-01 5.78140e-01 5.25936e-01
-9.10944e-01 1.18428e+01 2.51107e+00 1.78320e+00 8.86814e+00 8.06932e+00 7.93585e+00 6.42456e+00 5.12486e+00 4.62829e+00 3.73369e+00 4.36006e+00 2.95595e+00 2.23747e+00 2.00639e+00 1.59904e+00 1.16812e+00 9.96766e-01 8.21259e-01 6.04891e-01 5.32487e-01 4.15257e-01 3.67252e-01
1.13611e+01 1.47487e+01 6.02029e+00 3.10694e+00 7.72176e+00 4.81262e+00 6.79608e+00 5.59638e+00 3.96945e+00 4.13532e+00 3.32864e+00 2.95595e+00 3.10076e+00 2.19066e+00 1.67658e+00 1.37752e+00 1.03967e+00 8.78768e-01 7.49872e-01 6.07874e-01 5.29759e-01 4.23375e-01 3.99055e-01
1.40017e+01 4.81576e+00 2.58623e+00 3.26428e+00 6.30913e+00 5.55504e+00 5.99015e+00 5.07087e+00 3.26660e+00 3.43584e+00 2.37331e+00 2.23747e+00 2.19066e+00 2.19168e+00 1.47215e+00 1.25030e+00 9.00842e-01 7.40818e-01 6.02847e-01 4.87436e-01 4.25466e-01 3.39560e-01 3.22382e-01
1.08057e+01 5.45066e+00 4.25435e+00 3.51964e+00 5.05321e+00 4.58435e+00 5.00626e+00 3.91354e+00 2.87940e+00 2.65254e+00 2.23693e+00 2.00639e+00 1.67658e+00 1.47215e+00 1.43605e+00 1.01944e+00 7.87710e-01 6.78743e-01 5.54337e-01 4.20238e-01 3.68110e-01 2.92815e-01 2.59886e-01
6.63385e+00 6.17511e+00 1.82471e+00 2.30455e+00 4.28840e+00 3.79328e+00 3.34982e+00 3.29600e+00 2.34520e+00 2.04527e+00 1.90377e+00 1.59904e+00 1.37752e+00 1.25030e+00 1.01944e+00 9.84498e-01 7.02334e-01 6.19734e-01 4.96855e-01 3.90689e-01 3.38938e-01 2.63277e-01 2.56619e-01
8.90397e+00 1.15101e+00 2.80389e+00 1.34959e+00 3.36812e+00 2.52352e+00 2.64570e+00 2.61174e+00 1.74766e+00 1.43763e+00 1.44351e+00 1.16812e+00 1.03967e+00 9.00842e-01 7.87710e-01 7.02334e-01 6.59633e-01 5.19357e-01 4.16080e-01 3.35431e-01 2.77024e-01 2.12661e-01 1.98703e-01
2.87496e+00 4.97112e+00 2.30244e+00 4.42085e-01 2.34210e+00 2.46974e+00 2.26652e+00 2.08531e+00 1.40578e+00 1.22175e+00 1.29030e+00 9.96766e-01 8.78768e-01 7.40818e-01 6.78743e-01 6.19734e-01 5.19357e-01 5.40159e-01 4.21062e-01 3.23925e-01 2.61157e-01 2.00516e-01 1.98571e-01
-2.11056e+00 1.73828e+00 1.30429e+00 1.92053e-01 1.28638e+00 1.85772e+00 1.98930e+00 1.70239e+00 1.17926e+00 1.14562e+00 1.09495e+00 8.21259e-01 7.49872e-01 6.02847e-01 5.54337e-01 4.96855e-01 4.16080e-01 4.21062e-01 3.89921e-01 2.93169e-01 2.28294e-01 1.75539e-01 1.71026e-01
2.06331e+00 1.89786e+00 1.28822e+00 4.17941e-01 1.26063e+00 1.78965e+00 1.44874e+00 1.22641e+00 9.28213e-01 8.59824e-01 8.47436e-01 6.04891e-01 6.07874e-01 4.87436e-01 4.20238e-01 3.90689e-01 3.35431e-01 3.23925e-01 2.93169e-01 2.77849e-01 2.10245e-01 1.68423e-01 1.66368e-01
1.94455e+00 3.53308e+00 8.41110e-01 7.67398e-01 1.62903e+00 1.53445e+00 1.00909e+00 1.04274e+00 8.15189e-01 7.12450e-01 7.19950e-01 5.32487e-01 5.29759e-01 4.25466e-01 3.68110e-01 3.38938e-01 2.77024e-01 2.61157e-01 2.28294e-01 2.10245e-01 1.98058e-01 1.63005e-01 1.53835e-01
-8.58919e-02 3.84881e+00 1.58410e+00 8.19352e-01 1.39502e+00 1.24333e+00 8.14728e-01 8.26892e-01 6.87052e-01 6.09418e-01 5.78140e-01 4.15257e-01 4.23375e-01 3.39560e-01 2.92815e-01 2.63277e-01 2.12661e-01 2.00516e-01 1.75539e-01 1.68423e-01 1.63005e-01 1.68590e-01 1.58225e-01
-1.76090e+00 3.67760e+00 1.35858e+00 4.87881e-01 1.24115e+00 1.13717e+00 4.79667e-01 7.96675e-01 5.76557e-01 5.80027e-01 5.25936e-01 3.67252e-01 3.99055e-01 3.22382e-01 2.59886e-01 2.56619e-01 1.98703e-01 1.98571e-01 1.71026e-01 1.66368e-01 1.53835e-01 1.58225e-01 1.72939e-01
