2.18338e+03 -1.11055e+01 1.01479e+01 1.96954e+01 1.81457e+01 5.12677e+01 1.68382e+01 1.02167e+01 4.91448e+00 1.55945e+00 -8.92702e+00 1.67275e+00 1.58366e+00 1.60191e+00 3.52409e+00 1.76617e+00 7.90704e-01 1.26154e+00 6.34390e-01 4.66680e-01 5.98557e-01 1.20548e+00 3.51439e-01
-1.11055e+01 6.74322e+02 3.81531e+01 8.24883e+01 3.90757e+01 2.14680e+01 1.55061e+01 7.06711e+00 4.76676e+00 1.77610e+00 4.35694e+00 1.16945e+00 1.41113e+00 2.78134e+00 3.75453e-01 3.79042e-01 2.24681e-01 1.03264e+00 4.52991e-01 4.10329e-02 1.53167e-01 3.54408e-01 7.75468e-01
1.01479e+01 3.81531e+01 2.68764e+02 8.19365e+01 3.66726e+01 9.16662e+00 1.77050e+01 1.39087e+01 8.61359e+00 7.92495e+00 7.59961e+00 3.35083e+00 3.46030e+00 3.03644e+00 2.46934e+00 1.65819e+00 7.04419e-01 7.08306e-01 2.32883e-01 3.04595e-01 5.91684e-01 3.93753e-01 4.76418e-01
1.96954e+01 8.24883e+01 8.19365e+01 1.38726e+02 3.66581e+01 1.38755e+01 6.13778e+00 5.32044e+00 1.29745e+00 2.34325e+00 2.62942e+00 5.88666e-01 1.97952e+00 1.80851e+00 1.29845e+00 1.58211e-01 4.58938e-01 5.48740e-01 2.50252e-01 -2.72574e-01 -1.50313e-01 1.16198e-01 2.65341e-01
1.81457e+01 3.90757e+01 3.66726e+01 3.66581e+01 7.12712e+01 1.90617e+01 8.33286e+00 5.89484e+00 4.85084e+00 4.94655e+00 2.08700e+00 1.44990e+00 2.48253e+00 2.37830e+00 1.92176e+00 1.47661e+00 6.77972e-01 6.50238e-01 5.06112e-01 2.82327e-01 3.46482e-01 4.27769e-01 3.81009e-01
5.12677e+01 2.14680e+01 9.16662e+00 1.38755e+01 1.90617e+01 3.41331e+01 9.46581e+00 7.42306e+00 5.55598e+00 4.63529e+00 2.96197e+00 2.17865e+00 2.53533e+00 2.56835e+00 1.84081e+00 1.57290e+00 1.07528e+00 1.13479e+00 7.66509e-01 5.72744e-01 4.70779e-01 3.64881e-01 2.70306e-01
1.68382e+01 1.55061e+01 1.77050e+01 6.13778e+00 8.33286e+00 9.46581e+00 1.69680e+01 6.04259e+00 3.31686e+00 4.08505e+00 3.26997e+00 2.30788e+00 2.07157e+00 2.06620e+00 1.44405e+00 1.44652e+00 9.75556e-01 7.86536e-01 6.87012e-01 5.85794e-01 4.38168e-01 2.94614e-01 2.16618e-01
1.02167e+01 7.06711e+00 1.39087e+01 5.32044e+00 5.89484e+00 7.42306e+00 6.04259e+00 7.65896e+00 2.86447e+00 2.72152e+00 2.19631e+00 1.55380e+00 1.44253e+00 1.38545e+00 1.04470e+00 1.03877e+00 6.83614e-01 5.89611e-01 3.70284e-01 3.07889e-01 2.40734e-01 1.90927e-01 1.27295e-01
4.91448e+00 4.76676e+00 8.61359e+00 1.29745e+00 4.85084e+00 5.55598e+00 3.31686e+00 2.86447e+00 4.52005e+00 2.06525e+00 1.74965e+00 1.01706e+00 9.81066e-01 9.96315e-01 8.39532e-01 6.50002e-01 4.74006e-01 3.79406e-01 2.87074e-01 2.37629e-01 1.73217e-01 1.10339e-01 4.84312e-02
1.55945e+00 1.77610e+00 7.92495e+00 2.34325e+00 4.94655e+00 4.63529e+00 4.08505e+00 2.72152e+00 2.06525e+00 3.25821e+00 1.97561e+00 1.37827e+00 1.28129e+00 1.20656e+00 8.89615e-01 8.21075e-01 5.50734e-01 4.87823e-01 3.69433e-01 3.05355e-01 2.41717e-01 1.47690e-01 9.50653e-02
-8.92702e+00 4.35694e+00 7.59961e+00 2.62942e+00 2.08700e+00 2.96197e+00 3.26997e+00 2.19631e+00 1.74965e+00 1.97561e+00 2.35851e+00 1.08228e+00 1.00664e+00 9.29630e-01 7.05187e-01 6.22861e-01 4.66138e-01 3.90493e-01 3.17572e-01 2.49306e-01 1.80652e-01 9.97250e-02 7.99432e-02
1.67275e+00 1.16945e+00 3.35083e+00 5.88666e-01 1.44990e+00 2.17865e+00 2.30788e+00 1.55380e+00 1.01706e+00 1.37827e+00 1.08228e+00 1.12637e+00 7.43864e-01 7.18747e-01 5.59045e-01 5.19037e-01 3.63240e-01 2.90741e-01 2.19133e-01 1.61248e-01 1.30480e-01 7.68148e-02 3.52997e-02
1.58366e+00 1.41113e+00 3.46030e+00 1.97952e+00 2.48253e+00 2.53533e+00 2.07157e+00 1.44253e+00 9.81066e-01 1.28129e+00 1.00664e+00 7.43864e-01 9.35180e-01 6.69409e-01 5.16742e-01 4.71384e-01 3.10660e-01 2.92118e-01 2.37414e-01 1.81579e-01 1.54326e-01 8.81104e-02 5.22455e-02
1.60191e+00 2.78134e+00 3.03644e+00 1.80851e+00 2.37830e+00 2.56835e+00 2.06620e+00 1.38545e+00 9.96315e-01 1.20656e+00 9.29630e-01 7.18747e-01 6.69409e-01 7.25736e-01 5.17239e-01 4.61341e-01 3.34745e-01 2.91339e-01 2.31716e-01 1.77955e-01 1.40600e-01 9.38966e-02 5.55854e-02
3.52409e+00 3.75453e-01 2.46934e+00 1.29845e+00 1.92176e+00 1.84081e+00 1.44405e+00 1.04470e+00 8.39532e-01 8.89615e-01 7.05187e-01 5.59045e-01 5.16742e-01 5.17239e-01 4.92092e-01 3.80129e-01 2.85648e-01 2.35310e-01 1.83923e-01 1.38030e-01 1.13076e-01 7.40732e-02 4.90263e-02
1.76617e+00 3.79042e-01 1.65819e+00 1.58211e-01 1.47661e+00 1.57290e+00 1.44652e+00 1.03877e+00 6.50002e-01 8.21075e-01 6.22861e-01 5.19037e-01 4.71384e-01 4.61341e-01 3.80129e-01 4.17640e-01 2.94843e-01 2.48027e-01 1.96615e-01 1.45154e-01 1.05490e-01 6.78854e-02 4.94360e-02
7.90704e-01 2.24681e-01 7.04419e-01 4.58938e-01 6.77972e-01 1.07528e+00 9.75556e-01 6.83614e-01 4.74006e-01 5.50734e-01 4.66138e-01 3.63240e-01 3.10660e-01 3.34745e-01 2.85648e-01 2.94843e-01 2.65877e-01 2.21044e-01 1.68720e-01 1.23470e-01 8.15509e-02 4.76007e-02 3.17072e-02
1.26154e+00 1.03264e+00 7.08306e-01 5.48740e-01 6.50238e-01 1.13479e+00 7.86536e-01 5.89611e-01 3.79406e-01 4.87823e-01 3.90493e-01 2.90741e-01 2.92118e-01 2.91339e-01 2.35310e-01 2.48027e-01 2.21044e-01 2.33593e-01 1.79726e-01 1.26291e-01 7.99000e-02 4.48433e-02 2.97668e-02
6.34390e-01 4.52991e-01 2.32883e-01 2.50252e-01 5.06112e-01 7.66509e-01 6.87012e-01 3.70284e-01 2.87074e-01 3.69433e-01 3.17572e-01 2.19133e-01 2.37414e-01 2.31716e-01 1.83923e-01 1.96615e-01 1.68720e-01 1.79726e-01 1.76844e-01 1.26402e-01 7.76131e-02 4.51535e-02 3.59234e-02
4.66680e-01 4.10329e-02 3.04595e-01 -2.72574e-01 2.82327e-01 5.72744e-01 5.85794e-01 3.07889e-01 2.37629e-01 3.05355e-01 2.49306e-01 1.61248e-01 1.81579e-01 1.77955e-01 1.38030e-01 1.45154e-01 1.23470e-01 1.26291e-01 1.26402e-01 1.15451e-01 7.55811e-02 4.55362e-02 3.25911e-02
5.98557e-01 1.53167e-01 5.91684e-01 -1.50313e-01 3.46482e-01 4.70779e-01 4.38168e-01 2.40734e-01 1.73217e-01 2.41717e-01 1.80652e-01 1.30480e-01 1.54326e-01 1.40600e-01 1.13076e-01 1.05490e-01 8.15509e-02 7.99000e-02 7.76131e-02 7.55811e-02 7.19640e-02 4.98446e-02 3.20491e-02
1.20548e+00 3.54408e-01 3.93753e-01 1.16198e-01 4.27769e-01 3.64881e-01 2.94614e-01 1.90927e-01 1.10339e-01 1.47690e-01 9.97250e-02 7.68148e-02 8.81104e-02 9.38966e-02 7.40732e-02 6.78854e-02 4.76007e-02 4.48433e-02 4.51535e-02 4.55362e-02 4.98446e-02 5.50907e-02 3.85271e-02
3.51439e-01 7.75468e-01 4.76418e-01 2.65341e-01 3.81009e-01 2.70306e-01 2.16618e-01 1.27295e-01 4.84312e-02 9.50653e-02 7.99432e-02 3.52997e-02 5.22455e-02 5.55854e-02 4.90263e-02 4.94360e-02 3.17072e-02 2.97668e-02 3.59234e-02 3.25911e-02 3.20491e-02 3.85271e-02 4.45516e-02
