8.14373e+00 8.71722e-01 -2.51704e-01 1.18295e-01 2.34545e-01 -6.43265e-05 -4.56582e-02 -1.43762e-01 -9.50562e-03 -4.62846e-02 -8.09766e-03 -1.11723e-03 -6.06002e-03 -7.83716e-03 -3.50390e-03 -6.06687e-03 -2.93228e-03 -4.66971e-03 -7.00949e-04 -4.24390e-03 2.21322e-03 -1.58542e-04 4.08529e-03
8.71722e-01 3.21978e+00 5.13044e-02 1.16708e-01 1.42995e-01 1.94015e-01 -2.77025e-02 5.05905e-02 -3.89857e-02 2.29927e-03 4.77223e-03 7.86378e-03 -1.36118e-02 8.42117e-03 -8.74658e-03 7.34289e-04 -7.29649e-03 -6.14093e-03 -9.22024e-04 -1.09592e-03 4.67377e-04 -7.69800e-04 2.32751e-03
-2.51704e-01 5.13044e-02 1.65102e+00 9.67501e-02 -4.59050e-02 -3.99161e-02 -3.45485e-02 5.81361e-03 1.31384e-02 2.39894e-02 2.56188e-03 -4.99248e-03 3.24562e-03 -1.66121e-03 -1.39022e-03 6.63155e-03 6.50210e-03 2.65407e-03 8.83248e-04 4.91085e-04 1.89570e-04 1.41102e-04 -1.76613e-03
1.18295e-01 1.16708e-01 9.67501e-02 1.01306e+00 -8.86305e-02 5.33081e-02 5.62754e-02 -3.93159e-02 -6.08243e-04 -4.57125e-03 8.01943e-03 5.40416e-03 -3.16664e-03 2.23202e-03 9.44329e-04 5.65416e-05 -2.35117e-03 1.25486e-03 -4.10552e-04 8.95965e-04 1.26024e-03 1.25301e-03 5.30381e-04
2.34545e-01 1.42995e-01 -4.59050e-02 -8.86305e-02 3.76837e-01 9.44562e-03 2.03349e-02 6.00186e-03 1.94341e-03 3.07527e-03 -2.15418e-03 -4.20426e-03 -2.93293e-03 9.89583e-04 4.48929e-04 5.85958e-04 5.60917e-04 1.22782e-03 -8.36851e-04 -8.28324e-04 -4.44415e-04 -1.52240e-04 -3.07525e-06
-6.43265e-05 1.94015e-01 -3.99161e-02 5.33081e-02 9.44562e-03 2.68919e-01 1.69151e-02 1.51935e-02 -2.46303e-03 2.98617e-03 -1.20655e-03 5.14788e-04 1.15615e-03 5.76036e-03 -1.20943e-03 -3.84078e-04 -1.52266e-03 -1.24983e-03 -3.24006e-04 -6.29947e-04 1.56095e-04 -4.04132e-04 -1.89150e-04
-4.56582e-02 -2.77025e-02 -3.45485e-02 5.62754e-02 2.03349e-02 1.69151e-02 1.10126e-01 -1.18765e-03 1.93885e-03 1.67092e-04 3.50231e-03 -4.65706e-04 -9.17720e-04 2.42284e-03 1.18234e-03 3.87776e-04 -8.80202e-04 6.01958e-05 -5.00111e-04 5.15434e-04 -4.04331e-04 -5.62165e-04 -2.21215e-04
-1.43762e-01 5.05905e-02 5.81361e-03 -3.93159e-02 6.00186e-03 1.51935e-02 -1.18765e-03 7.39958e-02 1.50204e-04 5.61111e-03 8.00084e-04 1.53891e-03 4.42469e-05 3.01683e-04 -6.95417e-04 -6.74439e-04 6.47160e-04 -1.16846e-03 -5.28374e-04 -9.93583e-05 -2.72797e-04 -1.24419e-04 5.60118e-06
-9.50562e-03 -3.89857e-02 1.31384e-02 -6.08243e-04 1.94341e-03 -2.46303e-03 1.93885e-03 1.50204e-04 2.30682e-02 1.91980e-03 2.04608e-03 -9.40441e-04 -9.02587e-04 -6.38928e-04 -3.22782e-04 4.67668e-04 3.61803e-04 9.57324e-05 -4.18432e-04 -1.76274e-04 -2.95615e-06 -1.68959e-04 -1.33437e-04
-4.62846e-02 2.29927e-03 2.39894e-02 -4.57125e-03 3.07527e-03 2.98617e-03 1.67092e-04 5.61111e-03 1.91980e-03 1.47602e-02 6.55287e-04 1.27903e-03 9.68309e-04 4.86514e-04 -4.72426e-04 -9.68948e-05 2.31498e-04 1.80392e-04 -1.28288e-04 -3.51459e-05 -1.66148e-04 -1.17136e-04 -1.47672e-04
-8.09766e-03 4.77223e-03 2.56188e-03 8.01943e-03 -2.15418e-03 -1.20655e-03 3.50231e-03 8.00084e-04 2.04608e-03 6.55287e-04 7.53318e-03 4.70530e-04 -3.03594e-04 7.28797e-04 4.24159e-04 -4.76485e-05 5.15793e-05 6.69224e-07 -1.02307e-04 -1.75005e-05 -5.00781e-05 -2.06373e-05 -1.40569e-04
-1.11723e-03 7.86378e-03 -4.99248e-03 5.40416e-03 -4.20426e-03 5.14788e-04 -4.65706e-04 1.53891e-03 -9.40441e-04 1.27903e-03 4.70530e-04 4.19946e-03 -2.82575e-04 1.57743e-05 -1.23885e-04 -2.10523e-04 1.11504e-04 -6.98974e-05 -1.63633e-04 -7.14332e-05 -5.74967e-05 -1.81644e-05 1.36992e-05
-6.06002e-03 -1.36118e-02 3.24562e-03 -3.16664e-03 -2.93293e-03 1.15615e-03 -9.17720e-04 4.42469e-05 -9.02587e-04 9.68309e-04 -3.03594e-04 -2.82575e-04 2.34289e-03 4.05297e-04 -1.89687e-04 1.95938e-05 9.68916e-05 3.10005e-05 -6.66318e-06 -1.30467e-05 -2.16194e-05 2.33943e-05 -3.42223e-05
-7.83716e-03 8.42117e-03 -1.66121e-03 2.23202e-03 9.89583e-04 5.76036e-03 2.42284e-03 3.01683e-04 -6.38928e-04 4.86514e-04 7.28797e-04 1.57743e-05 4.05297e-04 1.37345e-03 1.71090e-04 6.95995e-05 1.43752e-05 -4.87511e-05 2.09414e-05 -3.40006e-05 -6.96039e-05 -3.10696e-05 -2.61345e-05
-3.50390e-03 -8.74658e-03 -1.39022e-03 9.44329e-04 4.48929e-04 -1.20943e-03 1.18234e-03 -6.95417e-04 -3.22782e-04 -4.72426e-04 4.24159e-04 -1.23885e-04 -1.89687e-04 1.71090e-04 7.54180e-04 1.15070e-04 9.41507e-06 1.59936e-05 -4.82923e-06 2.77697e-05 -3.98078e-06 -3.63470e-06 1.97118e-05
-6.06687e-03 7.34289e-04 6.63155e-03 5.65416e-05 5.85958e-04 -3.84078e-04 3.87776e-04 -6.74439e-04 4.67668e-04 -9.68948e-05 -4.76485e-05 -2.10523e-04 1.95938e-05 6.95995e-05 1.15070e-04 5.41465e-04 1.24397e-04 3.62210e-05 6.11112e-06 4.82691e-05 -2.95707e-06 -6.79814e-06 -1.20475e-05
-2.93228e-03 -7.29649e-03 6.50210e-03 -2.35117e-03 5.60917e-04 -1.52266e-03 -8.80202e-04 6.47160e-04 3.61803e-04 2.31498e-04 5.15793e-05 1.11504e-04 9.68916e-05 1.43752e-05 9.41507e-06 1.24397e-04 3.34369e-04 6.06770e-05 1.58988e-05 1.99713e-05 -1.50572e-05 1.08762e-05 -3.35165e-05
-4.66971e-03 -6.14093e-03 2.65407e-03 1.25486e-03 1.22782e-03 -1.24983e-03 6.01958e-05 -1.16846e-03 9.57324e-05 1.80392e-04 6.69224e-07 -6.98974e-05 3.10005e-05 -4.87511e-05 1.59936e-05 3.62210e-05 6.06770e-05 1.89864e-04 6.12849e-05 2.39562e-05 1.34236e-05 4.68806e-06 -5.23058e-06
-7.00949e-04 -9.22024e-04 8.83248e-04 -4.10552e-04 -8.36851e-04 -3.24006e-04 -5.00111e-04 -5.28374e-04 -4.18432e-04 -1.28288e-04 -1.02307e-04 -1.63633e-04 -6.66318e-06 2.09414e-05 -4.82923e-06 6.11112e-06 1.58988e-05 6.12849e-05 1.42905e-04 3.89540e-05 1.59655e-05 9.13282e-06 -4.20492e-06
-4.24390e-03 -1.09592e-03 4.91085e-04 8.95965e-04 -8.28324e-04 -6.29947e-04 5.15434e-04 -9.93583e-05 -1.76274e-04 -3.51459e-05 -1.75005e-05 -7.14332e-05 -1.30467e-05 -3.40006e-05 2.77697e-05 4.82691e-05 1.99713e-05 2.39562e-05 3.89540e-05 1.04503e-04 2.71159e-05 5.00335e-06 -1.82268e-05
2.21322e-03 4.67377e-04 1.89570e-04 1.26024e-03 -4.44415e-04 1.56095e-04 -4.04331e-04 -2.72797e-04 -2.95615e-06 -1.66148e-04 -5.00781e-05 -5.74967e-05 -2.16194e-05 -6.96039e-05 -3.98078e-06 -2.95707e-06 -1.50572e-05 1.34236e-05 1.59655e-05 2.71159e-05 6.51724e-05 1.87570e-05 1.40920e-05
-1.58542e-04 -7.69800e-04 1.41102e-04 1.25301e-03 -1.52240e-04 -4.04132e-04 -5.62165e-04 -1.24419e-04 -1.68959e-04 -1.17136e-04 -2.06373e-05 -1.81644e-05 2.33943e-05 -3.10696e-05 -3.63470e-06 -6.79814e-06 1.08762e-05 4.68806e-06 9.13282e-06 5.00335e-06 1.87570e-05 4.69647e-05 1.76117e-05
4.08529e-03 2.32751e-03 -1.76613e-03 5.30381e-04 -3.07525e-06 -1.89150e-04 -2.21215e-04 5.60118e-06 -1.33437e-04 -1.47672e-04 -1.40569e-04 1.36992e-05 -3.42223e-05 -2.61345e-05 1.97118e-05 -1.20475e-05 -3.35165e-05 -5.23058e-06 -4.20492e-06 -1.82268e-05 1.40920e-05 1.76117e-05 4.87574e-05
