2.91551e+03 3.17669e+02 2.95275e+02 2.63646e+02 2.36852e+02 1.73340e+02 1.51599e+02 9.32026e+01 5.00567e+01 2.87925e+01 3.46550e+01 3.37364e+01 2.12396e+01 1.86217e+01 1.62078e+01 1.15003e+01 8.69661e+00 4.45254e+00 2.45835e+00 3.06033e+00 2.75287e+00 4.21597e+00 4.32766e+00
3.17669e+02 1.15846e+03 2.45968e+02 2.02843e+02 1.09247e+02 1.79901e+02 7.31695e+01 6.21539e+01 4.36679e+01 3.49249e+01 2.79136e+01 2.02225e+01 1.35535e+01 1.31116e+01 8.30546e+00 9.19691e+00 6.33423e+00 6.44271e+00 4.28185e+00 3.13661e+00 2.47772e+00 3.20428e+00 3.76920e+00
2.95275e+02 2.45968e+02 4.97853e+02 1.26248e+02 9.98285e+01 1.16405e+02 8.10729e+01 5.91780e+01 3.71792e+01 2.75171e+01 2.76979e+01 1.81409e+01 1.31767e+01 1.56775e+01 1.01316e+01 1.03822e+01 7.53792e+00 6.30165e+00 4.56526e+00 3.37561e+00 3.29483e+00 3.12833e+00 2.95142e+00
2.63646e+02 2.02843e+02 1.26248e+02 2.36175e+02 6.91696e+01 7.44543e+01 5.31486e+01 4.57601e+01 2.48057e+01 1.87947e+01 1.98746e+01 1.23103e+01 9.68783e+00 8.47210e+00 6.68544e+00 5.24188e+00 4.34861e+00 3.55997e+00 2.77886e+00 1.86639e+00 1.43229e+00 1.50690e+00 1.65841e+00
2.36852e+02 1.09247e+02 9.98285e+01 6.91696e+01 1.50574e+02 7.15847e+01 5.41631e+01 3.32911e+01 2.08267e+01 1.65008e+01 1.68271e+01 1.37952e+01 1.13717e+01 1.00463e+01 6.98783e+00 6.46247e+00 5.18866e+00 4.32142e+00 3.37610e+00 2.55927e+00 2.06480e+00 2.14523e+00 1.84500e+00
1.73340e+02 1.79901e+02 1.16405e+02 7.44543e+01 7.15847e+01 1.46729e+02 6.87476e+01 4.78878e+01 2.93805e+01 2.24879e+01 2.02290e+01 1.78638e+01 1.26369e+01 1.28186e+01 9.08090e+00 8.19266e+00 6.45431e+00 5.80149e+00 4.34500e+00 3.50385e+00 2.86089e+00 2.73884e+00 2.46021e+00
1.51599e+02 7.31695e+01 8.10729e+01 5.31486e+01 5.41631e+01 6.87476e+01 6.37825e+01 3.11000e+01 2.23752e+01 1.78288e+01 1.55574e+01 1.30625e+01 9.95362e+00 9.59627e+00 6.76212e+00 5.77366e+00 4.40220e+00 3.52814e+00 2.80411e+00 2.28220e+00 1.84815e+00 1.57450e+00 1.32783e+00
9.32026e+01 6.21539e+01 5.91780e+01 4.57601e+01 3.32911e+01 4.78878e+01 3.11000e+01 3.02189e+01 1.53992e+01 1.13834e+01 1.09898e+01 8.95330e+00 6.75032e+00 6.53188e+00 4.53007e+00 4.07698e+00 3.20853e+00 2.75259e+00 2.02668e+00 1.58953e+00 1.21950e+00 1.13225e+00 1.05133e+00
5.00567e+01 4.36679e+01 3.71792e+01 2.48057e+01 2.08267e+01 2.93805e+01 2.23752e+01 1.53992e+01 1.78780e+01 9.42658e+00 8.45583e+00 6.99726e+00 5.50184e+00 4.91220e+00 3.49453e+00 2.91015e+00 2.31920e+00 1.99892e+00 1.57310e+00 1.18261e+00 9.27749e-01 8.63095e-01 7.20359e-01
2.87925e+01 3.49249e+01 2.75171e+01 1.87947e+01 1.65008e+01 2.24879e+01 1.78288e+01 1.13834e+01 9.42658e+00 1.02681e+01 6.82713e+00 5.81765e+00 4.51643e+00 4.17078e+00 3.05218e+00 2.58523e+00 1.91025e+00 1.76957e+00 1.29016e+00 1.04554e+00 8.71449e-01 7.31833e-01 6.69738e-01
3.46550e+01 2.79136e+01 2.76979e+01 1.98746e+01 1.68271e+01 2.02290e+01 1.55574e+01 1.09898e+01 8.45583e+00 6.82713e+00 7.77265e+00 4.99111e+00 3.96453e+00 3.57586e+00 2.73463e+00 2.37776e+00 1.77921e+00 1.49945e+00 1.23612e+00 9.67279e-01 7.47294e-01 6.47042e-01 6.01685e-01
3.37364e+01 2.02225e+01 1.81409e+01 1.23103e+01 1.37952e+01 1.78638e+01 1.30625e+01 8.95330e+00 6.99726e+00 5.81765e+00 4.99111e+00 5.13804e+00 3.38559e+00 3.13499e+00 2.26808e+00 1.95943e+00 1.49499e+00 1.26878e+00 9.91897e-01 7.77455e-01 6.04556e-01 5.20502e-01 4.75523e-01
2.12396e+01 1.35535e+01 1.31767e+01 9.68783e+00 1.13717e+01 1.26369e+01 9.95362e+00 6.75032e+00 5.50184e+00 4.51643e+00 3.96453e+00 3.38559e+00 3.05605e+00 2.44042e+00 1.76302e+00 1.49485e+00 1.11886e+00 9.74959e-01 7.73996e-01 6.15897e-01 4.89321e-01 4.16351e-01 3.79884e-01
1.86217e+01 1.31116e+01 1.56775e+01 8.47210e+00 1.00463e+01 1.28186e+01 9.59627e+00 6.53188e+00 4.91220e+00 4.17078e+00 3.57586e+00 3.13499e+00 2.44042e+00 2.52122e+00 1.73510e+00 1.53189e+00 1.14566e+00 9.72643e-01 7.48977e-01 5.94625e-01 4.87559e-01 4.32966e-01 3.81101e-01
1.62078e+01 8.30546e+00 1.01316e+01 6.68544e+00 6.98783e+00 9.08090e+00 6.76212e+00 4.53007e+00 3.49453e+00 3.05218e+00 2.73463e+00 2.26808e+00 1.76302e+00 1.73510e+00 1.41171e+00 1.18374e+00 8.76749e-01 7.57032e-01 5.92299e-01 4.75685e-01 3.83321e-01 3.42292e-01 3.15801e-01
1.15003e+01 9.19691e+00 1.03822e+01 5.24188e+00 6.46247e+00 8.19266e+00 5.77366e+00 4.07698e+00 2.91015e+00 2.58523e+00 2.37776e+00 1.95943e+00 1.49485e+00 1.53189e+00 1.18374e+00 1.15425e+00 8.51055e-01 7.32619e-01 5.82320e-01 4.59339e-01 3.77128e-01 3.39824e-01 3.14955e-01
8.69661e+00 6.33423e+00 7.53792e+00 4.34861e+00 5.18866e+00 6.45431e+00 4.40220e+00 3.20853e+00 2.31920e+00 1.91025e+00 1.77921e+00 1.49499e+00 1.11886e+00 1.14566e+00 8.76749e-01 8.51055e-01 7.60266e-01 6.34964e-01 4.97661e-01 3.85220e-01 2.96880e-01 2.60638e-01 2.43540e-01
4.45254e+00 6.44271e+00 6.30165e+00 3.55997e+00 4.32142e+00 5.80149e+00 3.52814e+00 2.75259e+00 1.99892e+00 1.76957e+00 1.49945e+00 1.26878e+00 9.74959e-01 9.72643e-01 7.57032e-01 7.32619e-01 6.34964e-01 6.14725e-01 4.82770e-01 3.73466e-01 2.96599e-01 2.57286e-01 2.39962e-01
2.45835e+00 4.28185e+00 4.56526e+00 2.77886e+00 3.37610e+00 4.34500e+00 2.80411e+00 2.02668e+00 1.57310e+00 1.29016e+00 1.23612e+00 9.91897e-01 7.73996e-01 7.48977e-01 5.92299e-01 5.82320e-01 4.97661e-01 4.82770e-01 4.40072e-01 3.32320e-01 2.56290e-01 2.18272e-01 2.09556e-01
3.06033e+00 3.13661e+00 3.37561e+00 1.86639e+00 2.55927e+00 3.50385e+00 2.28220e+00 1.58953e+00 1.18261e+00 1.04554e+00 9.67279e-01 7.77455e-01 6.15897e-01 5.94625e-01 4.75685e-01 4.59339e-01 3.85220e-01 3.73466e-01 3.32320e-01 2.90387e-01 2.24285e-01 1.85815e-01 1.77312e-01
2.75287e+00 2.47772e+00 3.29483e+00 1.43229e+00 2.06480e+00 2.86089e+00 1.84815e+00 1.21950e+00 9.27749e-01 8.71449e-01 7.47294e-01 6.04556e-01 4.89321e-01 4.87559e-01 3.83321e-01 3.77128e-01 2.96880e-01 2.96599e-01 2.56290e-01 2.24285e-01 2.16138e-01 1.83651e-01 1.66928e-01
4.21597e+00 3.20428e+00 3.12833e+00 1.50690e+00 2.14523e+00 2.73884e+00 1.57450e+00 1.13225e+00 8.63095e-01 7.31833e-01 6.47042e-01 5.20502e-01 4.16351e-01 4.32966e-01 3.42292e-01 3.39824e-01 2.60638e-01 2.57286e-01 2.18272e-01 1.85815e-01 1.83651e-01 1.92738e-01 1.74629e-01
4.32766e+00 3.76920e+00 2.95142e+00 1.65841e+00 1.84500e+00 2.46021e+00 1.32783e+00 1.05133e+00 7.20359e-01 6.69738e-01 6.01685e-01 4.75523e-01 3.79884e-01 3.81101e-01 3.15801e-01 3.14955e-01 2.43540e-01 2.39962e-01 2.09556e-01 1.77312e-01 1.66928e-01 1.74629e-01 1.87299e-01
