4.44790e+01 1.55333e+00 5.42927e-01 1.68779e+00 -1.07537e-01 8.85181e-01 3.44997e-01 -1.29333e-01 5.18478e-02 -6.15419e-02 -1.72845e-01 -6.53004e-02 -1.03535e-01 1.46777e-02 1.81361e-02 8.24544e-03 4.23119e-02 1.65123e-02 2.11323e-03 4.18369e-03 -7.50638e-03 2.16169e-03 1.10143e-02
1.55333e+00 1.29147e+01 -1.14488e+00 1.14472e+00 -5.66575e-01 -2.51636e-01 -2.90261e-01 3.08858e-01 1.07382e-01 -6.50494e-02 1.42878e-02 3.13637e-02 -4.03271e-03 2.23755e-02 1.19830e-02 3.60110e-02 -1.58977e-02 -5.20693e-03 -1.49248e-02 -5.48941e-03 -4.83036e-03 -3.74704e-03 2.59611e-03
5.42927e-01 -1.14488e+00 6.57213e+00 3.10831e-01 1.18977e-01 -1.33035e-01 4.69064e-01 2.49485e-01 4.25211e-02 8.20053e-02 2.85569e-02 -4.77429e-02 1.32926e-02 2.12927e-02 2.69727e-02 2.52713e-03 2.20432e-03 1.29108e-02 1.28781e-02 7.44066e-03 3.81603e-03 4.97292e-03 -3.20493e-03
1.68779e+00 1.14472e+00 3.10831e-01 2.39995e+00 2.34201e-01 -4.74174e-02 1.54051e-01 2.14936e-02 1.49975e-02 -2.19129e-02 -3.89925e-02 1.00894e-02 -3.48923e-03 2.25643e-02 6.48137e-03 4.07687e-03 -8.36639e-04 2.30314e-04 2.83801e-03 3.13454e-03 3.40035e-03 8.60834e-04 4.60615e-03
-1.07537e-01 -5.66575e-01 1.18977e-01 2.34201e-01 1.22113e+00 -4.50813e-02 1.33996e-01 2.42432e-02 6.71598e-02 1.97707e-03 -2.49931e-02 1.73670e-02 -1.45642e-02 8.49642e-03 -7.16844e-03 -4.69972e-03 5.48334e-03 -1.68933e-03 5.22046e-03 2.63266e-03 2.46283e-03 -1.61975e-03 -1.27954e-04
8.85181e-01 -2.51636e-01 -1.33035e-01 -4.74174e-02 -4.50813e-02 9.59994e-01 8.01806e-02 4.05269e-02 -1.88915e-02 -5.02795e-02 -1.16662e-02 -1.05015e-02 4.06333e-03 -1.34716e-03 -2.58498e-04 -2.02148e-03 -1.64743e-04 -1.74641e-03 -3.61387e-04 -3.28992e-03 -1.64334e-03 -6.89379e-04 1.27921e-04
3.44997e-01 -2.90261e-01 4.69064e-01 1.54051e-01 1.33996e-01 8.01806e-02 4.54237e-01 2.70265e-03 1.08120e-02 1.88734e-03 -1.03322e-02 -8.04575e-03 7.82783e-04 -5.48140e-03 7.80666e-03 2.85894e-03 2.98820e-03 7.64821e-04 1.32850e-03 1.95769e-03 1.96688e-03 -1.35713e-04 -6.51514e-04
-1.29333e-01 3.08858e-01 2.49485e-01 2.14936e-02 2.42432e-02 4.05269e-02 2.70265e-03 2.03774e-01 2.40730e-04 2.05586e-02 -7.24844e-03 -2.91751e-03 5.89574e-03 3.22014e-03 -1.12958e-03 8.31276e-04 9.70550e-04 5.98413e-04 9.35754e-04 9.27665e-04 6.69403e-04 4.07702e-04 8.99540e-04
5.18478e-02 1.07382e-01 4.25211e-02 1.49975e-02 6.71598e-02 -1.88915e-02 1.08120e-02 2.40730e-04 8.52074e-02 1.46088e-02 7.31060e-03 2.25271e-03 -2.04554e-03 3.08418e-04 -3.22682e-04 -6.95025e-04 1.17043e-04 4.58717e-04 1.29140e-03 1.32681e-04 6.09132e-04 -2.83990e-04 -1.94577e-05
-6.15419e-02 -6.50494e-02 8.20053e-02 -2.19129e-02 1.97707e-03 -5.02795e-02 1.88734e-03 2.05586e-02 1.46088e-02 5.47641e-02 3.64628e-03 1.83629e-03 1.59238e-03 -4.01139e-03 -9.17950e-04 -4.31970e-04 1.07404e-03 8.10558e-04 5.82599e-04 1.61937e-04 4.17336e-04 5.67723e-04 1.36395e-04
-1.72845e-01 1.42878e-02 2.85569e-02 -3.89925e-02 -2.49931e-02 -1.16662e-02 -1.03322e-02 -7.24844e-03 7.31060e-03 3.64628e-03 2.46438e-02 4.35883e-03 2.64553e-03 -4.90765e-04 1.16491e-04 -8.69563e-04 -8.10635e-04 4.67771e-04 5.65839e-04 -6.93396e-05 4.87100e-05 3.38774e-04 1.60537e-04
-6.53004e-02 3.13637e-02 -4.77429e-02 1.00894e-02 1.73670e-02 -1.05015e-02 -8.04575e-03 -2.91751e-03 2.25271e-03 1.83629e-03 4.35883e-03 1.48781e-02 1.37898e-03 1.24816e-03 6.37635e-04 -7.24559e-04 4.63200e-05 4.20432e-04 5.11445e-04 2.79912e-04 3.65942e-04 1.81381e-04 1.31804e-04
-1.03535e-01 -4.03271e-03 1.32926e-02 -3.48923e-03 -1.45642e-02 4.06333e-03 7.82783e-04 5.89574e-03 -2.04554e-03 1.59238e-03 2.64553e-03 1.37898e-03 9.04019e-03 2.91546e-04 -1.33205e-04 -3.36702e-04 2.64331e-04 5.44048e-04 3.04707e-04 3.60190e-04 -1.78258e-04 -1.19358e-04 -2.10314e-04
1.46777e-02 2.23755e-02 2.12927e-02 2.25643e-02 8.49642e-03 -1.34716e-03 -5.48140e-03 3.22014e-03 3.08418e-04 -4.01139e-03 -4.90765e-04 1.24816e-03 2.91546e-04 4.16579e-03 4.77388e-04 1.01074e-04 2.03731e-04 1.88604e-04 2.09109e-04 6.54441e-05 -1.89110e-04 -9.31158e-05 1.94580e-05
1.81361e-02 1.19830e-02 2.69727e-02 6.48137e-03 -7.16844e-03 -2.58498e-04 7.80666e-03 -1.12958e-03 -3.22682e-04 -9.17950e-04 1.16491e-04 6.37635e-04 -1.33205e-04 4.77388e-04 2.60264e-03 7.14538e-04 2.23685e-04 1.92490e-04 1.74926e-06 1.67692e-04 1.13692e-04 1.24438e-04 -3.14181e-05
8.24544e-03 3.60110e-02 2.52713e-03 4.07687e-03 -4.69972e-03 -2.02148e-03 2.85894e-03 8.31276e-04 -6.95025e-04 -4.31970e-04 -8.69563e-04 -7.24559e-04 -3.36702e-04 1.01074e-04 7.14538e-04 2.16383e-03 3.72248e-04 1.01867e-04 -3.33622e-05 1.50817e-04 2.03664e-05 -5.18309e-05 -9.00403e-05
4.23119e-02 -1.58977e-02 2.20432e-03 -8.36639e-04 5.48334e-03 -1.64743e-04 2.98820e-03 9.70550e-04 1.17043e-04 1.07404e-03 -8.10635e-04 4.63200e-05 2.64331e-04 2.03731e-04 2.23685e-04 3.72248e-04 8.93925e-04 3.50253e-04 1.97110e-04 1.39333e-04 -7.47953e-06 3.04277e-05 -5.17274e-05
1.65123e-02 -5.20693e-03 1.29108e-02 2.30314e-04 -1.68933e-03 -1.74641e-03 7.64821e-04 5.98413e-04 4.58717e-04 8.10558e-04 4.67771e-04 4.20432e-04 5.44048e-04 1.88604e-04 1.92490e-04 1.01867e-04 3.50253e-04 9.29485e-04 1.74963e-04 4.51168e-05 9.82278e-06 -6.67594e-06 -6.57204e-05
2.11323e-03 -1.49248e-02 1.28781e-02 2.83801e-03 5.22046e-03 -3.61387e-04 1.32850e-03 9.35754e-04 1.29140e-03 5.82599e-04 5.65839e-04 5.11445e-04 3.04707e-04 2.09109e-04 1.74926e-06 -3.33622e-05 1.97110e-04 1.74963e-04 5.09218e-04 1.17907e-04 1.33938e-04 6.87298e-05 -1.17358e-05
4.18369e-03 -5.48941e-03 7.44066e-03 3.13454e-03 2.63266e-03 -3.28992e-03 1.95769e-03 9.27665e-04 1.32681e-04 1.61937e-04 -6.93396e-05 2.79912e-04 3.60190e-04 6.54441e-05 1.67692e-04 1.50817e-04 1.39333e-04 4.51168e-05 1.17907e-04 3.22517e-04 1.18760e-04 3.44807e-05 -1.93980e-05
-7.50638e-03 -4.83036e-03 3.81603e-03 3.40035e-03 2.46283e-03 -1.64334e-03 1.96688e-03 6.69403e-04 6.09132e-04 4.17336e-04 4.87100e-05 3.65942e-04 -1.78258e-04 -1.89110e-04 1.13692e-04 2.03664e-05 -7.47953e-06 9.82278e-06 1.33938e-04 1.18760e-04 2.90730e-04 1.38749e-04 6.33789e-05
2.16169e-03 -3.74704e-03 4.97292e-03 8.60834e-04 -1.61975e-03 -6.89379e-04 -1.35713e-04 4.07702e-04 -2.83990e-04 5.67723e-04 3.38774e-04 1.81381e-04 -1.19358e-04 -9.31158e-05 1.24438e-04 -5.18309e-05 3.04277e-05 -6.67594e-06 6.87298e-05 3.44807e-05 1.38749e-04 2.12371e-04 7.43107e-05
1.10143e-02 2.59611e-03 -3.20493e-03 4.60615e-03 -1.27954e-04 1.27921e-04 -6.51514e-04 8.99540e-04 -1.94577e-05 1.36395e-04 1.60537e-04 1.31804e-04 -2.10314e-04 1.94580e-05 -3.14181e-05 -9.00403e-05 -5.17274e-05 -6.57204e-05 -1.17358e-05 -1.93980e-05 6.33789e-05 7.43107e-05 1.89501e-04
