3.25803e+01 4.59125e+00 -1.15392e+00 -4.58162e-01 6.55447e-01 9.96549e-01 -4.51463e-01 -2.00605e-01 4.00010e-02 4.74785e-02 -3.38091e-02 -3.02180e-02 -5.95761e-02 1.67278e-02 -1.94031e-02 4.08059e-02 2.16611e-02 2.94877e-02 2.27581e-02 -1.87387e-04 3.80971e-03 6.07644e-03 6.65172e-03
4.59125e+00 1.32281e+01 7.90791e-02 5.04736e-01 -7.22420e-01 6.98131e-01 -2.27915e-01 9.03338e-02 8.73765e-02 -2.53744e-02 9.07632e-02 -1.32474e-03 -3.74378e-02 -2.16101e-03 -1.93220e-02 1.88788e-02 -1.92150e-02 -1.14126e-03 4.73763e-03 7.05859e-03 4.65649e-03 -2.48651e-03 1.01953e-05
-1.15392e+00 7.90791e-02 2.54093e+00 3.35404e-01 -2.55220e-01 -1.84617e-01 3.27152e-02 -1.67092e-02 -1.84328e-02 -3.19962e-03 -1.19986e-02 2.56027e-02 4.53635e-02 1.42180e-02 -7.88019e-03 9.04112e-03 -5.47218e-03 4.31959e-03 1.43236e-03 3.77959e-03 3.64527e-03 -3.39427e-03 -2.89683e-03
-4.58162e-01 5.04736e-01 3.35404e-01 2.45985e+00 1.97633e-01 -7.76626e-02 -3.20870e-02 -7.44629e-02 -1.82886e-02 1.00797e-02 8.60388e-03 2.08255e-02 -3.35586e-03 1.59597e-03 -1.58794e-03 -8.18653e-03 -2.50268e-03 2.94668e-03 4.96521e-04 -3.67906e-03 -2.25393e-03 -6.21636e-03 1.71296e-04
6.55447e-01 -7.22420e-01 -2.55220e-01 1.97633e-01 1.62351e+00 1.55751e-01 -6.44002e-02 2.66693e-02 1.43181e-03 4.59026e-04 -1.92896e-02 2.11646e-02 3.45121e-03 3.24835e-04 3.77451e-03 2.30493e-03 8.16840e-04 -6.01133e-03 -3.73554e-03 2.25453e-03 -2.08407e-03 -1.37677e-03 1.37408e-03
9.96549e-01 6.98131e-01 -1.84617e-01 -7.76626e-02 1.55751e-01 9.89063e-01 -3.25181e-02 -3.03972e-04 3.89960e-02 2.77696e-02 4.00929e-03 -1.54265e-02 -8.41370e-03 5.22837e-03 -4.27127e-03 -1.75055e-03 2.85394e-03 -2.14727e-03 2.52327e-03 1.60447e-03 2.01830e-03 3.12694e-04 -9.16612e-04
-4.51463e-01 -2.27915e-01 3.27152e-02 -3.20870e-02 -6.44002e-02 -3.25181e-02 4.35259e-01 -5.68111e-03 1.01964e-02 1.05039e-02 5.63436e-03 9.30046e-03 4.49135e-03 -8.51482e-03 2.51321e-03 -2.67816e-03 1.81935e-03 5.06235e-04 4.05889e-03 2.58741e-03 3.18545e-05 -4.67161e-04 6.87514e-04
-2.00605e-01 9.03338e-02 -1.67092e-02 -7.44629e-02 2.66693e-02 -3.03972e-04 -5.68111e-03 2.55032e-01 -2.37377e-02 4.10692e-03 -4.00706e-03 -1.35626e-02 -3.76486e-03 -4.34195e-04 -3.89080e-03 -1.73439e-03 -2.91726e-03 -3.19424e-03 -1.87342e-03 4.26300e-04 1.39365e-04 -1.36716e-04 1.13262e-04
4.00010e-02 8.73765e-02 -1.84328e-02 -1.82886e-02 1.43181e-03 3.89960e-02 1.01964e-02 -2.37377e-02 8.48721e-02 5.75542e-03 8.87678e-03 -1.68156e-03 -4.20654e-03 4.45238e-04 7.44830e-04 2.59403e-03 2.53420e-03 1.20699e-03 6.36409e-04 -9.04022e-05 3.84723e-04 -2.47008e-04 1.96189e-04
4.74785e-02 -2.53744e-02 -3.19962e-03 1.00797e-02 4.59026e-04 2.77696e-02 1.05039e-02 4.10692e-03 5.75542e-03 5.22003e-02 4.22897e-03 1.60943e-03 9.50819e-04 1.21225e-03 -2.83046e-04 8.20062e-04 -7.31116e-04 -5.60836e-04 -4.89383e-04 3.48467e-05 2.96521e-04 3.91353e-04 -2.26269e-04
-3.38091e-02 9.07632e-02 -1.19986e-02 8.60388e-03 -1.92896e-02 4.00929e-03 5.63436e-03 -4.00706e-03 8.87678e-03 4.22897e-03 3.08993e-02 -7.94897e-04 -2.25973e-03 9.78723e-04 5.97531e-04 7.32466e-04 4.89716e-04 -3.72416e-05 1.14222e-04 -2.71444e-04 -1.56588e-04 -1.51392e-04 -4.04994e-04
-3.02180e-02 -1.32474e-03 2.56027e-02 2.08255e-02 2.11646e-02 -1.54265e-02 9.30046e-03 -1.35626e-02 -1.68156e-03 1.60943e-03 -7.94897e-04 1.68370e-02 2.62527e-03 4.33278e-04 1.47448e-04 -1.39381e-04 5.81741e-04 -5.99070e-04 5.55440e-05 4.73606e-04 -3.64488e-05 1.29860e-04 3.08929e-04
-5.95761e-02 -3.74378e-02 4.53635e-02 -3.35586e-03 3.45121e-03 -8.41370e-03 4.49135e-03 -3.76486e-03 -4.20654e-03 9.50819e-04 -2.25973e-03 2.62527e-03 9.95038e-03 5.62862e-04 -1.61282e-04 3.05588e-04 -8.81874e-05 6.37866e-05 2.26816e-04 2.35270e-04 6.93936e-05 -1.43013e-04 2.72472e-05
1.67278e-02 -2.16101e-03 1.42180e-02 1.59597e-03 3.24835e-04 5.22837e-03 -8.51482e-03 -4.34195e-04 4.45238e-04 1.21225e-03 9.78723e-04 4.33278e-04 5.62862e-04 3.42665e-03 4.50908e-04 5.48967e-04 1.37268e-04 -5.65235e-05 -3.71795e-05 1.37242e-04 1.57866e-04 1.02136e-04 -8.74736e-05
-1.94031e-02 -1.93220e-02 -7.88019e-03 -1.58794e-03 3.77451e-03 -4.27127e-03 2.51321e-03 -3.89080e-03 7.44830e-04 -2.83046e-04 5.97531e-04 1.47448e-04 -1.61282e-04 4.50908e-04 2.70236e-03 6.27588e-04 2.29395e-04 -2.35633e-05 1.84187e-05 2.18037e-04 3.57647e-05 -3.39035e-06 7.42511e-05
4.08059e-02 1.88788e-02 9.04112e-03 -8.18653e-03 2.30493e-03 -1.75055e-03 -2.67816e-03 -1.73439e-03 2.59403e-03 8.20062e-04 7.32466e-04 -1.39381e-04 3.05588e-04 5.48967e-04 6.27588e-04 1.58181e-03 4.57811e-04 2.05972e-04 8.99954e-05 2.31059e-04 2.11305e-04 -3.07500e-05 -3.72867e-05
2.16611e-02 -1.92150e-02 -5.47218e-03 -2.50268e-03 8.16840e-04 2.85394e-03 1.81935e-03 -2.91726e-03 2.53420e-03 -7.31116e-04 4.89716e-04 5.81741e-04 -8.81874e-05 1.37268e-04 2.29395e-04 4.57811e-04 1.50363e-03 1.98482e-04 3.93581e-05 1.69772e-06 3.49618e-05 2.74327e-05 5.34259e-05
2.94877e-02 -1.14126e-03 4.31959e-03 2.94668e-03 -6.01133e-03 -2.14727e-03 5.06235e-04 -3.19424e-03 1.20699e-03 -5.60836e-04 -3.72416e-05 -5.99070e-04 6.37866e-05 -5.65235e-05 -2.35633e-05 2.05972e-04 1.98482e-04 6.68700e-04 2.59530e-04 6.12969e-05 9.98657e-05 1.64250e-05 -5.16989e-06
2.27581e-02 4.73763e-03 1.43236e-03 4.96521e-04 -3.73554e-03 2.52327e-03 4.05889e-03 -1.87342e-03 6.36409e-04 -4.89383e-04 1.14222e-04 5.55440e-05 2.26816e-04 -3.71795e-05 1.84187e-05 8.99954e-05 3.93581e-05 2.59530e-04 5.22485e-04 1.51934e-04 7.22969e-05 4.10394e-05 1.90262e-05
-1.87387e-04 7.05859e-03 3.77959e-03 -3.67906e-03 2.25453e-03 1.60447e-03 2.58741e-03 4.26300e-04 -9.04022e-05 3.48467e-05 -2.71444e-04 4.73606e-04 2.35270e-04 1.37242e-04 2.18037e-04 2.31059e-04 1.69772e-06 6.12969e-05 1.51934e-04 4.60224e-04 1.75680e-04 9.16525e-05 6.79005e-05
3.80971e-03 4.65649e-03 3.64527e-03 -2.25393e-03 -2.08407e-03 2.01830e-03 3.18545e-05 1.39365e-04 3.84723e-04 2.96521e-04 -1.56588e-04 -3.64488e-05 6.93936e-05 1.57866e-04 3.57647e-05 2.11305e-04 3.49618e-05 9.98657e-05 7.22969e-05 1.75680e-04 3.02352e-04 8.19690e-05 4.47498e-05
6.07644e-03 -2.48651e-03 -3.39427e-03 -6.21636e-03 -1.37677e-03 3.12694e-04 -4.67161e-04 -1.36716e-04 -2.47008e-04 3.91353e-04 -1.51392e-04 1.29860e-04 -1.43013e-04 1.02136e-04 -3.39035e-06 -3.07500e-05 2.74327e-05 1.64250e-05 4.10394e-05 9.16525e-05 8.19690e-05 2.23467e-04 6.69696e-05
6.65172e-03 1.01953e-05 -2.89683e-03 1.71296e-04 1.37408e-03 -9.16612e-04 6.87514e-04 1.13262e-04 1.96189e-04 -2.26269e-04 -4.04994e-04 3.08929e-04 2.72472e-05 -8.74736e-05 7.42511e-05 -3.72867e-05 5.34259e-05 -5.16989e-06 1.90262e-05 6.79005e-05 4.47498e-05 6.69696e-05 1.79458e-04
