1.92535e+03 2.27414e+02 1.34966e+02 1.62610e+02 1.09448e+02 5.12172e+01 1.87428e+01 3.96813e+01 8.13572e-01 1.98107e+01 5.83562e+00 1.06283e+01 8.15166e+00 1.03166e+01 6.59026e+00 6.05072e+00 6.71320e+00 5.13821e+00 4.36057e+00 4.22458e+00 4.58049e+00 3.65337e+00 1.86023e+00
2.27414e+02 7.32491e+02 5.19265e+01 7.07576e+01 8.46361e+01 4.31736e+01 4.95457e+01 3.94120e+01 1.92297e+01 2.33828e+01 1.62494e+01 1.33951e+01 7.45601e+00 8.51276e+00 5.65446e+00 3.48199e+00 2.89526e+00 1.72147e+00 8.59751e-01 1.96486e+00 2.23541e+00 2.39946e+00 2.17524e+00
1.34966e+02 5.19265e+01 3.18516e+02 4.93379e+01 7.60173e+01 2.99694e+01 1.71964e+01 1.41482e+01 1.50217e+01 1.78113e+01 1.42567e+01 1.16895e+01 1.04875e+01 7.95573e+00 4.74852e+00 4.07102e+00 2.62610e+00 1.82430e+00 5.64418e-01 7.67737e-01 1.11982e+00 9.27735e-01 1.03310e+00
1.62610e+02 7.07576e+01 4.93379e+01 1.35122e+02 3.19953e+01 1.85766e+01 1.77041e+01 1.36059e+01 7.10024e+00 7.58076e+00 4.10979e+00 4.58492e+00 4.09970e+00 4.43774e+00 2.90516e+00 2.45906e+00 1.80910e+00 1.43568e+00 1.22637e+00 1.16129e+00 1.31620e+00 1.58672e+00 1.50773e+00
1.09448e+02 8.46361e+01 7.60173e+01 3.19953e+01 1.05449e+02 4.61162e+01 2.57734e+01 1.49903e+01 1.36291e+01 1.22733e+01 1.15682e+01 1.07359e+01 7.87209e+00 7.61692e+00 5.32889e+00 4.40167e+00 3.10216e+00 2.39388e+00 1.56332e+00 1.45466e+00 1.28560e+00 1.39250e+00 1.29904e+00
5.12172e+01 4.31736e+01 2.99694e+01 1.85766e+01 4.61162e+01 9.52470e+01 3.80795e+01 2.25847e+01 2.08886e+01 1.65496e+01 1.58206e+01 1.30566e+01 1.17953e+01 9.77050e+00 7.37490e+00 6.16816e+00 4.53183e+00 3.72161e+00 2.87341e+00 2.36270e+00 2.11270e+00 1.91095e+00 1.86816e+00
1.87428e+01 4.95457e+01 1.71964e+01 1.77041e+01 2.57734e+01 3.80795e+01 3.66678e+01 1.40314e+01 1.20842e+01 1.10359e+01 8.95566e+00 7.59144e+00 6.28000e+00 5.54196e+00 4.34821e+00 3.68157e+00 3.03030e+00 2.19920e+00 1.57234e+00 1.36980e+00 1.18797e+00 1.05373e+00 1.01308e+00
3.96813e+01 3.94120e+01 1.41482e+01 1.36059e+01 1.49903e+01 2.25847e+01 1.40314e+01 2.17733e+01 9.19561e+00 8.29853e+00 7.44054e+00 5.69252e+00 4.65635e+00 4.09203e+00 3.06491e+00 2.73235e+00 2.36781e+00 1.64650e+00 1.24898e+00 1.00316e+00 9.97034e-01 9.49684e-01 7.21315e-01
8.13572e-01 1.92297e+01 1.50217e+01 7.10024e+00 1.36291e+01 2.08886e+01 1.20842e+01 9.19561e+00 1.24219e+01 6.66335e+00 6.25862e+00 4.89548e+00 3.90513e+00 3.40143e+00 2.45931e+00 2.31845e+00 1.87217e+00 1.42783e+00 1.03932e+00 8.71987e-01 7.29180e-01 6.49571e-01 5.91081e-01
1.98107e+01 2.33828e+01 1.78113e+01 7.58076e+00 1.22733e+01 1.65496e+01 1.10359e+01 8.29853e+00 6.66335e+00 7.94043e+00 5.59580e+00 4.54931e+00 3.47611e+00 3.13330e+00 2.39711e+00 2.05426e+00 1.68621e+00 1.22566e+00 8.83966e-01 7.82545e-01 7.18544e-01 6.25062e-01 5.38674e-01
5.83562e+00 1.62494e+01 1.42567e+01 4.10979e+00 1.15682e+01 1.58206e+01 8.95566e+00 7.44054e+00 6.25862e+00 5.59580e+00 6.39211e+00 4.12397e+00 3.42542e+00 2.86808e+00 2.19972e+00 1.91446e+00 1.58712e+00 1.21013e+00 9.35306e-01 8.06589e-01 7.12701e-01 5.95750e-01 5.60335e-01
1.06283e+01 1.33951e+01 1.16895e+01 4.58492e+00 1.07359e+01 1.30566e+01 7.59144e+00 5.69252e+00 4.89548e+00 4.54931e+00 4.12397e+00 4.03030e+00 2.85464e+00 2.42112e+00 1.87373e+00 1.63060e+00 1.33805e+00 9.96010e-01 7.60036e-01 6.44146e-01 5.70369e-01 4.90293e-01 4.46973e-01
8.15166e+00 7.45601e+00 1.04875e+01 4.09970e+00 7.87209e+00 1.17953e+01 6.28000e+00 4.65635e+00 3.90513e+00 3.47611e+00 3.42542e+00 2.85464e+00 2.78345e+00 2.11461e+00 1.62594e+00 1.37621e+00 1.09800e+00 8.32099e-01 6.77152e-01 5.78720e-01 5.36311e-01 4.55730e-01 4.18333e-01
1.03166e+01 8.51276e+00 7.95573e+00 4.43774e+00 7.61692e+00 9.77050e+00 5.54196e+00 4.09203e+00 3.40143e+00 3.13330e+00 2.86808e+00 2.42112e+00 2.11461e+00 1.96150e+00 1.43085e+00 1.24373e+00 9.94266e-01 7.76583e-01 6.05486e-01 5.13033e-01 4.51422e-01 4.05451e-01 3.66999e-01
6.59026e+00 5.65446e+00 4.74852e+00 2.90516e+00 5.32889e+00 7.37490e+00 4.34821e+00 3.06491e+00 2.45931e+00 2.39711e+00 2.19972e+00 1.87373e+00 1.62594e+00 1.43085e+00 1.28977e+00 1.04129e+00 8.34772e-01 6.15398e-01 4.91794e-01 4.26018e-01 3.86808e-01 3.45384e-01 3.23110e-01
6.05072e+00 3.48199e+00 4.07102e+00 2.45906e+00 4.40167e+00 6.16816e+00 3.68157e+00 2.73235e+00 2.31845e+00 2.05426e+00 1.91446e+00 1.63060e+00 1.37621e+00 1.24373e+00 1.04129e+00 1.04492e+00 8.14454e-01 6.14787e-01 4.85872e-01 4.12372e-01 3.53934e-01 3.16570e-01 2.99378e-01
6.71320e+00 2.89526e+00 2.62610e+00 1.80910e+00 3.10216e+00 4.53183e+00 3.03030e+00 2.36781e+00 1.87217e+00 1.68621e+00 1.58712e+00 1.33805e+00 1.09800e+00 9.94266e-01 8.34772e-01 8.14454e-01 7.50680e-01 5.50256e-01 4.35297e-01 3.62116e-01 2.95864e-01 2.58626e-01 2.39456e-01
5.13821e+00 1.72147e+00 1.82430e+00 1.43568e+00 2.39388e+00 3.72161e+00 2.19920e+00 1.64650e+00 1.42783e+00 1.22566e+00 1.21013e+00 9.96010e-01 8.32099e-01 7.76583e-01 6.15398e-01 6.14787e-01 5.50256e-01 4.77985e-01 3.80571e-01 3.09964e-01 2.54198e-01 2.26357e-01 2.11262e-01
4.36057e+00 8.59751e-01 5.64418e-01 1.22637e+00 1.56332e+00 2.87341e+00 1.57234e+00 1.24898e+00 1.03932e+00 8.83966e-01 9.35306e-01 7.60036e-01 6.77152e-01 6.05486e-01 4.91794e-01 4.85872e-01 4.35297e-01 3.80571e-01 3.55819e-01 2.80350e-01 2.30525e-01 2.01325e-01 1.91745e-01
4.22458e+00 1.96486e+00 7.67737e-01 1.16129e+00 1.45466e+00 2.36270e+00 1.36980e+00 1.00316e+00 8.71987e-01 7.82545e-01 8.06589e-01 6.44146e-01 5.78720e-01 5.13033e-01 4.26018e-01 4.12372e-01 3.62116e-01 3.09964e-01 2.80350e-01 2.58046e-01 2.16647e-01 1.91427e-01 1.80252e-01
4.58049e+00 2.23541e+00 1.11982e+00 1.31620e+00 1.28560e+00 2.11270e+00 1.18797e+00 9.97034e-01 7.29180e-01 7.18544e-01 7.12701e-01 5.70369e-01 5.36311e-01 4.51422e-01 3.86808e-01 3.53934e-01 2.95864e-01 2.54198e-01 2.30525e-01 2.16647e-01 2.14277e-01 1.92682e-01 1.74466e-01
3.65337e+00 2.39946e+00 9.27735e-01 1.58672e+00 1.39250e+00 1.91095e+00 1.05373e+00 9.49684e-01 6.49571e-01 6.25062e-01 5.95750e-01 4.90293e-01 4.55730e-01 4.05451e-01 3.45384e-01 3.16570e-01 2.58626e-01 2.26357e-01 2.01325e-01 1.91427e-01 1.92682e-01 2.05472e-01 1.82675e-01
1.86023e+00 2.17524e+00 1.03310e+00 1.50773e+00 1.29904e+00 1.86816e+00 1.01308e+00 7.21315e-01 5.91081e-01 5.38674e-01 5.60335e-01 4.46973e-01 4.18333e-01 3.66999e-01 3.23110e-01 2.99378e-01 2.39456e-01 2.11262e-01 1.91745e-01 1.80252e-01 1.74466e-01 1.82675e-01 1.90094e-01
