3.19061e+01 -1.79465e-01 -3.12043e+00 -2.57866e+00 -9.23275e-02 1.09020e+00 3.75835e-01 -4.04370e-01 2.07115e-01 3.09945e-02 -3.92007e-02 -1.11923e-02 3.02096e-02 3.15606e-02 -4.46045e-02 -5.78054e-03 -1.62745e-02 -1.35811e-02 -3.76223e-02 -5.89698e-03 9.03180e-03 5.84400e-04 6.10596e-03
-1.79465e-01 1.35754e+01 -7.66633e-02 8.67465e-01 8.92017e-03 5.12924e-01 5.62148e-02 4.01848e-02 -3.01147e-02 1.39371e-02 -9.60683e-02 6.30815e-02 -1.33102e-02 1.95550e-02 -1.43038e-02 1.49320e-03 -1.79755e-02 -7.80357e-03 -7.80979e-03 -8.79426e-03 8.56178e-04 -2.54543e-03 5.90963e-03
-3.12043e+00 -7.66633e-02 6.91175e+00 -5.71476e-02 -5.58013e-01 -1.97833e-01 1.59654e-01 -5.26089e-02 -1.10546e-01 2.17369e-02 6.64425e-02 -5.43196e-04 -8.37650e-03 -2.80050e-02 -5.44791e-03 1.13998e-02 1.29890e-03 8.08474e-03 -1.89821e-03 6.46133e-03 2.42988e-03 -7.73637e-04 -5.72759e-03
-2.57866e+00 8.67465e-01 -5.71476e-02 4.50023e+00 1.24732e-01 -2.10095e-01 -4.72360e-02 1.26057e-03 -3.38188e-02 1.45236e-01 -3.70026e-02 3.00643e-02 -1.81130e-02 -6.23199e-03 -9.88131e-03 -1.10256e-02 -4.35664e-03 3.44821e-03 8.35865e-03 1.09919e-03 5.39183e-03 3.63559e-03 2.46386e-03
-9.23275e-02 8.92017e-03 -5.58013e-01 1.24732e-01 1.39480e+00 -6.52026e-02 -5.10630e-02 1.78679e-01 -2.66783e-02 -5.63009e-02 1.11032e-02 -1.72854e-02 3.43150e-03 -2.00984e-02 -6.64495e-03 5.35859e-03 8.07117e-03 2.59657e-03 -2.81871e-03 4.06170e-03 4.76796e-04 -4.52310e-04 5.70534e-03
1.09020e+00 5.12924e-01 -1.97833e-01 -2.10095e-01 -6.52026e-02 1.35568e+00 1.00920e-01 9.49387e-02 1.76119e-03 3.86427e-02 7.59330e-03 7.24221e-04 9.70448e-05 -5.39139e-04 1.01038e-02 -1.45884e-03 5.00071e-03 1.08127e-03 -1.98168e-03 3.00291e-03 3.40839e-03 -6.18109e-04 -4.53451e-03
3.75835e-01 5.62148e-02 1.59654e-01 -4.72360e-02 -5.10630e-02 1.00920e-01 4.88972e-01 -5.17343e-02 -4.24520e-02 3.83739e-03 2.67979e-02 -1.16418e-02 -5.35444e-03 -6.63429e-04 1.99115e-03 3.09308e-03 -4.56225e-03 -2.85415e-04 4.64287e-04 -8.50370e-05 -1.52707e-03 -6.58584e-04 -4.25661e-04
-4.04370e-01 4.01848e-02 -5.26089e-02 1.26057e-03 1.78679e-01 9.49387e-02 -5.17343e-02 2.75482e-01 -2.39769e-02 -1.57889e-02 2.25906e-02 1.48389e-03 -2.33231e-03 3.05602e-04 -1.42171e-04 3.56527e-03 2.23978e-03 1.04113e-03 9.27689e-04 4.36070e-04 6.21094e-04 4.19593e-04 -6.59391e-04
2.07115e-01 -3.01147e-02 -1.10546e-01 -3.38188e-02 -2.66783e-02 1.76119e-03 -4.24520e-02 -2.39769e-02 1.22486e-01 5.40034e-03 2.57227e-03 8.68873e-03 7.60595e-03 1.35710e-03 -2.75564e-04 6.23761e-05 6.12473e-05 -1.27790e-03 -1.71550e-03 -3.06433e-06 -1.28824e-04 9.57112e-05 -8.86325e-04
3.09945e-02 1.39371e-02 2.17369e-02 1.45236e-01 -5.63009e-02 3.86427e-02 3.83739e-03 -1.57889e-02 5.40034e-03 7.92175e-02 5.55740e-03 -8.54110e-04 -1.61295e-03 1.42164e-03 -1.77054e-04 -5.64538e-05 -5.77232e-04 2.17302e-03 -6.81352e-04 6.30080e-04 3.79081e-04 3.65021e-04 -4.40002e-04
-3.92007e-02 -9.60683e-02 6.64425e-02 -3.70026e-02 1.11032e-02 7.59330e-03 2.67979e-02 2.25906e-02 2.57227e-03 5.55740e-03 4.42142e-02 -9.94336e-05 3.46345e-04 2.49878e-04 2.09930e-03 1.46486e-03 -6.55270e-05 -1.39167e-04 -3.22490e-05 4.03671e-04 -2.88785e-04 1.25176e-04 -2.34961e-04
-1.11923e-02 6.30815e-02 -5.43196e-04 3.00643e-02 -1.72854e-02 7.24221e-04 -1.16418e-02 1.48389e-03 8.68873e-03 -8.54110e-04 -9.94336e-05 2.37827e-02 2.31835e-03 1.97734e-03 1.11514e-03 7.51500e-04 2.26055e-04 -1.47062e-03 3.84910e-05 6.20668e-05 5.32356e-04 2.08148e-04 -2.06266e-04
3.02096e-02 -1.33102e-02 -8.37650e-03 -1.81130e-02 3.43150e-03 9.70448e-05 -5.35444e-03 -2.33231e-03 7.60595e-03 -1.61295e-03 3.46345e-04 2.31835e-03 1.17599e-02 3.00029e-03 1.04672e-04 -3.03052e-04 1.31821e-03 -2.61627e-04 6.23786e-05 5.71184e-04 7.17235e-05 1.21078e-04 -1.73674e-04
3.15606e-02 1.95550e-02 -2.80050e-02 -6.23199e-03 -2.00984e-02 -5.39139e-04 -6.63429e-04 3.05602e-04 1.35710e-03 1.42164e-03 2.49878e-04 1.97734e-03 3.00029e-03 9.12160e-03 4.69206e-04 5.91770e-04 8.30843e-04 -4.95995e-04 2.70980e-04 2.24536e-04 -4.57859e-05 -7.82748e-06 -1.05455e-04
-4.46045e-02 -1.43038e-02 -5.44791e-03 -9.88131e-03 -6.64495e-03 1.01038e-02 1.99115e-03 -1.42171e-04 -2.75564e-04 -1.77054e-04 2.09930e-03 1.11514e-03 1.04672e-04 4.69206e-04 4.02210e-03 5.35604e-04 4.47101e-05 -4.56269e-05 1.38337e-04 3.31987e-05 4.18094e-05 -9.70677e-05 7.17808e-05
-5.78054e-03 1.49320e-03 1.13998e-02 -1.10256e-02 5.35859e-03 -1.45884e-03 3.09308e-03 3.56527e-03 6.23761e-05 -5.64538e-05 1.46486e-03 7.51500e-04 -3.03052e-04 5.91770e-04 5.35604e-04 2.34096e-03 2.78687e-04 2.21978e-04 3.26059e-04 1.61898e-04 1.43874e-05 -3.27282e-05 3.42453e-05
-1.62745e-02 -1.79755e-02 1.29890e-03 -4.35664e-03 8.07117e-03 5.00071e-03 -4.56225e-03 2.23978e-03 6.12473e-05 -5.77232e-04 -6.55270e-05 2.26055e-04 1.31821e-03 8.30843e-04 4.47101e-05 2.78687e-04 1.59265e-03 2.61949e-04 2.75159e-04 2.03805e-04 1.50699e-04 5.76364e-05 -1.52386e-05
-1.35811e-02 -7.80357e-03 8.08474e-03 3.44821e-03 2.59657e-03 1.08127e-03 -2.85415e-04 1.04113e-03 -1.27790e-03 2.17302e-03 -1.39167e-04 -1.47062e-03 -2.61627e-04 -4.95995e-04 -4.56269e-05 2.21978e-04 2.61949e-04 1.06298e-03 2.32460e-04 9.98391e-05 -1.14791e-05 4.64256e-05 6.84299e-05
-3.76223e-02 -7.80979e-03 -1.89821e-03 8.35865e-03 -2.81871e-03 -1.98168e-03 4.64287e-04 9.27689e-04 -1.71550e-03 -6.81352e-04 -3.22490e-05 3.84910e-05 6.23786e-05 2.70980e-04 1.38337e-04 3.26059e-04 2.75159e-04 2.32460e-04 8.03546e-04 1.89574e-04 -1.81168e-05 4.13134e-05 -7.42410e-06
-5.89698e-03 -8.79426e-03 6.46133e-03 1.09919e-03 4.06170e-03 3.00291e-03 -8.50370e-05 4.36070e-04 -3.06433e-06 6.30080e-04 4.03671e-04 6.20668e-05 5.71184e-04 2.24536e-04 3.31987e-05 1.61898e-04 2.03805e-04 9.98391e-05 1.89574e-04 4.93596e-04 1.36962e-04 1.62560e-05 -2.50527e-05
9.03180e-03 8.56178e-04 2.42988e-03 5.39183e-03 4.76796e-04 3.40839e-03 -1.52707e-03 6.21094e-04 -1.28824e-04 3.79081e-04 -2.88785e-04 5.32356e-04 7.17235e-05 -4.57859e-05 4.18094e-05 1.43874e-05 1.50699e-04 -1.14791e-05 -1.81168e-05 1.36962e-04 3.09783e-04 7.69672e-05 1.25268e-05
5.84400e-04 -2.54543e-03 -7.73637e-04 3.63559e-03 -4.52310e-04 -6.18109e-04 -6.58584e-04 4.19593e-04 9.57112e-05 3.65021e-04 1.25176e-04 2.08148e-04 1.21078e-04 -7.82748e-06 -9.70677e-05 -3.27282e-05 5.76364e-05 4.64256e-05 4.13134e-05 1.62560e-05 7.69672e-05 1.70115e-04 5.89310e-05
6.10596e-03 5.90963e-03 -5.72759e-03 2.46386e-03 5.70534e-03 -4.53451e-03 -4.25661e-04 -6.59391e-04 -8.86325e-04 -4.40002e-04 -2.34961e-04 -2.06266e-04 -1.73674e-04 -1.05455e-04 7.17808e-05 3.42453e-05 -1.52386e-05 6.84299e-05 -7.42410e-06 -2.50527e-05 1.25268e-05 5.89310e-05 2.07700e-04
