3.99342e+03 -1.39283e+02 -3.28833e+02 1.97770e+02 6.37888e+01 6.89008e+01 6.40649e+01 8.02450e-01 1.42649e+01 -1.45189e+01 1.39650e+01 4.38530e+00 1.88180e+00 -5.88648e+00 -3.75633e-01 3.02716e+00 3.14673e+00 -1.22244e+00 2.94333e+00 4.08636e+00 2.48821e+00 1.00794e+00 2.70597e+00
-1.39283e+02 1.81014e+03 2.33123e+02 1.75286e+02 2.21443e+02 1.05220e+02 5.47139e+01 4.00349e+01 3.05193e+01 1.97473e+01 1.41095e+01 9.17180e+00 1.05342e+01 6.71288e+00 8.01721e+00 9.44833e+00 5.08201e+00 3.22132e+00 3.15043e+00 2.42198e+00 2.12595e+00 1.77779e+00 3.40838e+00
-3.28833e+02 2.33123e+02 8.26309e+02 5.60163e+01 9.88210e+01 -8.24492e+00 1.16512e+01 3.04358e+01 2.32607e+01 1.91152e+01 6.17765e+00 8.73757e+00 5.23912e+00 6.51776e+00 4.40134e+00 1.16707e+00 3.55073e-01 1.81105e-01 -5.71613e-01 -1.38825e+00 -1.05686e+00 -1.79987e-01 -1.36798e+00
1.97770e+02 1.75286e+02 5.60163e+01 2.74237e+02 4.99821e+01 5.14669e+01 3.80284e+01 2.13186e+01 2.33768e+01 1.26053e+01 1.57895e+01 6.77574e+00 7.84287e+00 8.54321e+00 6.93115e+00 5.80785e+00 4.51087e+00 3.32014e+00 2.42350e+00 1.48146e+00 1.45357e+00 1.51224e+00 1.98081e+00
6.37888e+01 2.21443e+02 9.88210e+01 4.99821e+01 2.78936e+02 7.27614e+01 2.58057e+01 2.75801e+01 2.00485e+01 2.19973e+01 1.58691e+01 1.18962e+01 9.23684e+00 9.07284e+00 7.69372e+00 6.26611e+00 5.59806e+00 3.85477e+00 2.97567e+00 1.75722e+00 1.56686e+00 1.99587e+00 2.32112e+00
6.89008e+01 1.05220e+02 -8.24492e+00 5.14669e+01 7.27614e+01 1.67718e+02 5.31443e+01 3.65900e+01 2.49221e+01 2.11945e+01 1.79113e+01 1.34281e+01 1.16501e+01 9.72852e+00 8.32174e+00 7.34139e+00 5.68932e+00 4.36141e+00 3.21141e+00 2.22721e+00 1.84915e+00 2.13688e+00 2.07666e+00
6.40649e+01 5.47139e+01 1.16512e+01 3.80284e+01 2.58057e+01 5.31443e+01 6.86048e+01 2.64076e+01 1.66263e+01 1.59387e+01 1.14701e+01 9.55103e+00 9.16943e+00 6.67714e+00 5.12987e+00 4.56976e+00 4.02777e+00 3.32700e+00 2.83755e+00 2.17626e+00 1.81434e+00 1.69840e+00 1.44083e+00
8.02450e-01 4.00349e+01 3.04358e+01 2.13186e+01 2.75801e+01 3.65900e+01 2.64076e+01 3.97082e+01 1.47414e+01 1.25730e+01 9.96957e+00 7.86355e+00 6.67114e+00 5.87506e+00 4.77947e+00 4.08638e+00 3.23975e+00 2.86278e+00 2.11163e+00 1.37093e+00 1.12618e+00 1.25427e+00 1.14011e+00
1.42649e+01 3.05193e+01 2.32607e+01 2.33768e+01 2.00485e+01 2.49221e+01 1.66263e+01 1.47414e+01 1.87134e+01 8.66058e+00 7.67979e+00 5.41917e+00 4.73790e+00 4.06130e+00 3.27185e+00 2.54080e+00 1.91717e+00 1.68728e+00 1.28658e+00 8.19832e-01 6.10659e-01 6.88865e-01 5.77291e-01
-1.45189e+01 1.97473e+01 1.91152e+01 1.26053e+01 2.19973e+01 2.11945e+01 1.59387e+01 1.25730e+01 8.66058e+00 1.02420e+01 5.78533e+00 4.63361e+00 4.12026e+00 3.73251e+00 2.76921e+00 2.37724e+00 1.90610e+00 1.54386e+00 1.12509e+00 7.40473e-01 6.74500e-01 7.43005e-01 6.61615e-01
1.39650e+01 1.41095e+01 6.17765e+00 1.57895e+01 1.58691e+01 1.79113e+01 1.14701e+01 9.96957e+00 7.67979e+00 5.78533e+00 6.87088e+00 3.99457e+00 3.34527e+00 2.89793e+00 2.23451e+00 1.96011e+00 1.54677e+00 1.30714e+00 1.02840e+00 6.88370e-01 5.66363e-01 5.43942e-01 4.85838e-01
4.38530e+00 9.17180e+00 8.73757e+00 6.77574e+00 1.18962e+01 1.34281e+01 9.55103e+00 7.86355e+00 5.41917e+00 4.63361e+00 3.99457e+00 4.32130e+00 2.81242e+00 2.36318e+00 1.78290e+00 1.59604e+00 1.24088e+00 1.01772e+00 8.09952e-01 4.96038e-01 4.52092e-01 4.94927e-01 4.32316e-01
1.88180e+00 1.05342e+01 5.23912e+00 7.84287e+00 9.23684e+00 1.16501e+01 9.16943e+00 6.67114e+00 4.73790e+00 4.12026e+00 3.34527e+00 2.81242e+00 3.02857e+00 2.07123e+00 1.52011e+00 1.34709e+00 1.05018e+00 9.02576e-01 6.98112e-01 4.83690e-01 4.38562e-01 4.15150e-01 3.41308e-01
-5.88648e+00 6.71288e+00 6.51776e+00 8.54321e+00 9.07284e+00 9.72852e+00 6.67714e+00 5.87506e+00 4.06130e+00 3.73251e+00 2.89793e+00 2.36318e+00 2.07123e+00 2.27646e+00 1.46445e+00 1.26489e+00 1.04040e+00 8.08733e-01 6.24092e-01 4.01883e-01 3.60163e-01 3.62821e-01 3.10463e-01
-3.75633e-01 8.01721e+00 4.40134e+00 6.93115e+00 7.69372e+00 8.32174e+00 5.12987e+00 4.77947e+00 3.27185e+00 2.76921e+00 2.23451e+00 1.78290e+00 1.52011e+00 1.46445e+00 1.34215e+00 1.03581e+00 8.38446e-01 6.91636e-01 5.40736e-01 3.69693e-01 3.01057e-01 3.02808e-01 2.84345e-01
3.02716e+00 9.44833e+00 1.16707e+00 5.80785e+00 6.26611e+00 7.34139e+00 4.56976e+00 4.08638e+00 2.54080e+00 2.37724e+00 1.96011e+00 1.59604e+00 1.34709e+00 1.26489e+00 1.03581e+00 1.07089e+00 7.95998e-01 6.42008e-01 5.12483e-01 3.41697e-01 2.84852e-01 2.69575e-01 2.63178e-01
3.14673e+00 5.08201e+00 3.55073e-01 4.51087e+00 5.59806e+00 5.68932e+00 4.02777e+00 3.23975e+00 1.91717e+00 1.90610e+00 1.54677e+00 1.24088e+00 1.05018e+00 1.04040e+00 8.38446e-01 7.95998e-01 7.45415e-01 5.51968e-01 4.52457e-01 3.15343e-01 2.56748e-01 2.47324e-01 2.40227e-01
-1.22244e+00 3.22132e+00 1.81105e-01 3.32014e+00 3.85477e+00 4.36141e+00 3.32700e+00 2.86278e+00 1.68728e+00 1.54386e+00 1.30714e+00 1.01772e+00 9.02576e-01 8.08733e-01 6.91636e-01 6.42008e-01 5.51968e-01 5.02867e-01 3.89239e-01 2.87215e-01 2.38713e-01 2.25846e-01 2.09123e-01
2.94333e+00 3.15043e+00 -5.71613e-01 2.42350e+00 2.97567e+00 3.21141e+00 2.83755e+00 2.11163e+00 1.28658e+00 1.12509e+00 1.02840e+00 8.09952e-01 6.98112e-01 6.24092e-01 5.40736e-01 5.12483e-01 4.52457e-01 3.89239e-01 3.65102e-01 2.68201e-01 2.19144e-01 2.02702e-01 1.90948e-01
4.08636e+00 2.42198e+00 -1.38825e+00 1.48146e+00 1.75722e+00 2.22721e+00 2.17626e+00 1.37093e+00 8.19832e-01 7.40473e-01 6.88370e-01 4.96038e-01 4.83690e-01 4.01883e-01 3.69693e-01 3.41697e-01 3.15343e-01 2.87215e-01 2.68201e-01 2.69661e-01 2.11475e-01 1.76927e-01 1.66549e-01
2.48821e+00 2.12595e+00 -1.05686e+00 1.45357e+00 1.56686e+00 1.84915e+00 1.81434e+00 1.12618e+00 6.10659e-01 6.74500e-01 5.66363e-01 4.52092e-01 4.38562e-01 3.60163e-01 3.01057e-01 2.84852e-01 2.56748e-01 2.38713e-01 2.19144e-01 2.11475e-01 2.05844e-01 1.74270e-01 1.56614e-01
1.00794e+00 1.77779e+00 -1.79987e-01 1.51224e+00 1.99587e+00 2.13688e+00 1.69840e+00 1.25427e+00 6.88865e-01 7.43005e-01 5.43942e-01 4.94927e-01 4.15150e-01 3.62821e-01 3.02808e-01 2.69575e-01 2.47324e-01 2.25846e-01 2.02702e-01 1.76927e-01 1.74270e-01 1.88891e-01 1.73697e-01
2.70597e+00 3.40838e+00 -1.36798e+00 1.98081e+00 2.32112e+00 2.07666e+00 1.44083e+00 1.14011e+00 5.77291e-01 6.61615e-01 4.85838e-01 4.32316e-01 3.41308e-01 3.10463e-01 2.84345e-01 2.63178e-01 2.40227e-01 2.09123e-01 1.90948e-01 1.66549e-01 1.56614e-01 1.73697e-01 1.92108e-01
