6.47103e+03 1.59683e+02 4.44442e+02 -1.94081e+02 3.05529e+02 5.40318e+01 1.30238e+02 1.01446e+02 4.60419e+01 5.83299e+01 4.04651e+01 4.31197e+01 3.66267e+01 2.79261e+01 1.76145e+01 1.86117e+01 9.14312e+00 4.40847e+00 3.21427e+00 4.08047e+00 4.49741e+00 5.34284e+00 4.22989e+00
1.59683e+02 1.30396e+03 4.41047e+01 8.48408e+01 -2.53677e+01 1.77269e+01 -1.01260e+01 1.04924e+01 1.70499e+01 6.84663e-01 6.11350e+00 4.30943e+00 1.13483e+00 1.20188e+00 2.50975e+00 5.62319e-01 -8.58819e-01 -1.17338e-02 -8.97919e-01 -1.07650e+00 -3.93402e-01 -1.06178e-01 1.35630e+00
4.44442e+02 4.41047e+01 5.70752e+02 1.22657e+01 9.72673e+01 5.24916e+01 3.39974e+01 3.71962e+01 2.43573e+01 1.73503e+01 1.63172e+01 1.05052e+01 9.08124e+00 7.42783e+00 7.72336e+00 4.25498e+00 3.33165e+00 2.23792e+00 4.42384e-01 -8.63664e-02 -3.77029e-01 -4.48393e-01 -4.73712e-01
-1.94081e+02 8.48408e+01 1.22657e+01 2.13629e+02 1.24258e+01 3.11746e+01 9.91143e+00 1.05370e+01 4.10147e+00 6.53210e+00 8.31722e+00 4.09136e+00 2.43903e+00 1.76121e+00 2.71352e+00 1.15990e+00 1.48190e+00 1.43042e+00 5.32744e-01 3.87274e-01 5.85702e-01 7.80118e-02 6.42343e-01
3.05529e+02 -2.53677e+01 9.72673e+01 1.24258e+01 1.39344e+02 3.80383e+01 3.46005e+01 2.04469e+01 1.38844e+01 1.35701e+01 1.46641e+01 9.21947e+00 7.61870e+00 6.65585e+00 5.07590e+00 4.70100e+00 3.06921e+00 2.73965e+00 1.57471e+00 1.43550e+00 9.91936e-01 8.50145e-01 5.43523e-01
5.40318e+01 1.77269e+01 5.24916e+01 3.11746e+01 3.80383e+01 1.14658e+02 3.05453e+01 2.62087e+01 2.27392e+01 1.89053e+01 1.48830e+01 1.26261e+01 9.43862e+00 9.30872e+00 6.59471e+00 5.51159e+00 3.86050e+00 3.28638e+00 2.47839e+00 2.03783e+00 1.77831e+00 1.56878e+00 1.20863e+00
1.30238e+02 -1.01260e+01 3.39974e+01 9.91143e+00 3.46005e+01 3.05453e+01 5.81868e+01 2.24519e+01 1.90813e+01 1.68863e+01 1.23509e+01 9.55676e+00 7.56679e+00 7.00767e+00 5.43084e+00 4.64791e+00 3.23744e+00 2.63492e+00 2.20541e+00 1.64966e+00 1.14360e+00 1.11400e+00 8.69830e-01
1.01446e+02 1.04924e+01 3.71962e+01 1.05370e+01 2.04469e+01 2.62087e+01 2.24519e+01 2.82474e+01 1.15804e+01 1.11121e+01 8.47561e+00 6.66127e+00 4.83247e+00 4.49314e+00 3.35202e+00 2.87271e+00 1.99337e+00 1.71250e+00 1.17610e+00 8.81971e-01 7.55527e-01 8.51154e-01 5.99010e-01
4.60419e+01 1.70499e+01 2.43573e+01 4.10147e+00 1.38844e+01 2.27392e+01 1.90813e+01 1.15804e+01 1.58691e+01 8.71296e+00 7.32076e+00 5.30406e+00 4.66425e+00 4.08500e+00 3.44852e+00 2.59814e+00 2.05148e+00 1.53354e+00 1.14891e+00 9.39529e-01 6.66682e-01 6.22674e-01 5.21505e-01
5.83299e+01 6.84663e-01 1.73503e+01 6.53210e+00 1.35701e+01 1.89053e+01 1.68863e+01 1.11121e+01 8.71296e+00 1.05620e+01 6.31443e+00 5.01071e+00 4.08894e+00 3.69974e+00 2.77140e+00 2.42243e+00 1.68220e+00 1.33422e+00 1.03812e+00 8.43642e-01 6.81050e-01 6.17622e-01 5.08156e-01
4.04651e+01 6.11350e+00 1.63172e+01 8.31722e+00 1.46641e+01 1.48830e+01 1.23509e+01 8.47561e+00 7.32076e+00 6.31443e+00 6.56420e+00 3.81564e+00 3.37481e+00 2.94688e+00 2.25344e+00 1.83247e+00 1.32538e+00 1.09121e+00 8.27794e-01 6.56710e-01 5.09816e-01 4.53799e-01 3.96204e-01
4.31197e+01 4.30943e+00 1.05052e+01 4.09136e+00 9.21947e+00 1.26261e+01 9.55676e+00 6.66127e+00 5.30406e+00 5.01071e+00 3.81564e+00 3.74641e+00 2.67805e+00 2.37735e+00 1.77837e+00 1.50347e+00 1.08201e+00 8.88259e-01 6.96916e-01 5.72207e-01 4.69550e-01 4.28574e-01 3.48695e-01
3.66267e+01 1.13483e+00 9.08124e+00 2.43903e+00 7.61870e+00 9.43862e+00 7.56679e+00 4.83247e+00 4.66425e+00 4.08894e+00 3.37481e+00 2.67805e+00 2.73424e+00 2.04112e+00 1.58859e+00 1.34483e+00 9.70448e-01 7.64458e-01 6.02167e-01 4.97376e-01 4.09892e-01 3.70551e-01 3.06299e-01
2.79261e+01 1.20188e+00 7.42783e+00 1.76121e+00 6.65585e+00 9.30872e+00 7.00767e+00 4.49314e+00 4.08500e+00 3.69974e+00 2.94688e+00 2.37735e+00 2.04112e+00 2.06473e+00 1.47653e+00 1.22583e+00 8.99178e-01 7.50807e-01 5.89303e-01 4.63257e-01 3.87722e-01 3.47951e-01 2.79978e-01
1.76145e+01 2.50975e+00 7.72336e+00 2.71352e+00 5.07590e+00 6.59471e+00 5.43084e+00 3.35202e+00 3.44852e+00 2.77140e+00 2.25344e+00 1.77837e+00 1.58859e+00 1.47653e+00 1.28349e+00 9.87272e-01 7.32177e-01 6.03067e-01 4.73409e-01 3.73618e-01 2.99250e-01 2.58703e-01 2.28385e-01
1.86117e+01 5.62319e-01 4.25498e+00 1.15990e+00 4.70100e+00 5.51159e+00 4.64791e+00 2.87271e+00 2.59814e+00 2.42243e+00 1.83247e+00 1.50347e+00 1.34483e+00 1.22583e+00 9.87272e-01 9.77192e-01 6.77001e-01 5.77717e-01 4.75888e-01 3.80061e-01 3.01497e-01 2.66206e-01 2.33873e-01
9.14312e+00 -8.58819e-01 3.33165e+00 1.48190e+00 3.06921e+00 3.86050e+00 3.23744e+00 1.99337e+00 2.05148e+00 1.68220e+00 1.32538e+00 1.08201e+00 9.70448e-01 8.99178e-01 7.32177e-01 6.77001e-01 5.77284e-01 4.64906e-01 3.66940e-01 2.93180e-01 2.35331e-01 2.03123e-01 1.76876e-01
4.40847e+00 -1.17338e-02 2.23792e+00 1.43042e+00 2.73965e+00 3.28638e+00 2.63492e+00 1.71250e+00 1.53354e+00 1.33422e+00 1.09121e+00 8.88259e-01 7.64458e-01 7.50807e-01 6.03067e-01 5.77717e-01 4.64906e-01 4.58044e-01 3.55594e-01 2.79760e-01 2.25793e-01 1.98101e-01 1.80136e-01
3.21427e+00 -8.97919e-01 4.42384e-01 5.32744e-01 1.57471e+00 2.47839e+00 2.20541e+00 1.17610e+00 1.14891e+00 1.03812e+00 8.27794e-01 6.96916e-01 6.02167e-01 5.89303e-01 4.73409e-01 4.75888e-01 3.66940e-01 3.55594e-01 3.34422e-01 2.62743e-01 2.06815e-01 1.80554e-01 1.65796e-01
4.08047e+00 -1.07650e+00 -8.63664e-02 3.87274e-01 1.43550e+00 2.03783e+00 1.64966e+00 8.81971e-01 9.39529e-01 8.43642e-01 6.56710e-01 5.72207e-01 4.97376e-01 4.63257e-01 3.73618e-01 3.80061e-01 2.93180e-01 2.79760e-01 2.62743e-01 2.43167e-01 1.88848e-01 1.61650e-01 1.45049e-01
4.49741e+00 -3.93402e-01 -3.77029e-01 5.85702e-01 9.91936e-01 1.77831e+00 1.14360e+00 7.55527e-01 6.66682e-01 6.81050e-01 5.09816e-01 4.69550e-01 4.09892e-01 3.87722e-01 2.99250e-01 3.01497e-01 2.35331e-01 2.25793e-01 2.06815e-01 1.88848e-01 1.83308e-01 1.59805e-01 1.43738e-01
5.34284e+00 -1.06178e-01 -4.48393e-01 7.80118e-02 8.50145e-01 1.56878e+00 1.11400e+00 8.51154e-01 6.22674e-01 6.17622e-01 4.53799e-01 4.28574e-01 3.70551e-01 3.47951e-01 2.58703e-01 2.66206e-01 2.03123e-01 1.98101e-01 1.80554e-01 1.61650e-01 1.59805e-01 1.70327e-01 1.57867e-01
4.22989e+00 1.35630e+00 -4.73712e-01 6.42343e-01 5.43523e-01 1.20863e+00 8.69830e-01 5.99010e-01 5.21505e-01 5.08156e-01 3.96204e-01 3.48695e-01 3.06299e-01 2.79978e-01 2.28385e-01 2.33873e-01 1.76876e-01 1.80136e-01 1.65796e-01 1.45049e-01 1.43738e-01 1.57867e-01 1.75059e-01
