2.35579e+01 -5.74916e-01 4.98353e-01 2.20291e-01 1.06357e-01 -3.47477e-01 -4.74969e-01 -4.12745e-01 -1.12091e-01 -2.17375e-01 -1.26628e-01 -3.44604e-02 2.52234e-02 4.57091e-02 -5.39978e-03 1.38417e-02 -1.75967e-02 4.91278e-03 3.23192e-03 3.84002e-03 1.21428e-02 -1.25568e-03 -4.00088e-03
-5.74916e-01 1.25222e+01 9.40062e-01 -6.02233e-01 4.47055e-01 -5.10554e-01 3.58623e-03 2.11489e-01 -2.53457e-01 -7.82328e-02 -2.55358e-02 -4.88158e-02 -3.42680e-02 -2.43141e-02 -1.70651e-02 -8.40966e-03 7.13604e-03 8.50333e-03 -9.47699e-05 3.54783e-03 -3.15006e-03 -2.61277e-03 1.17035e-03
4.98353e-01 9.40062e-01 4.93052e+00 -5.83034e-02 -3.18852e-01 -3.54728e-01 -2.53498e-01 -2.70260e-02 2.12900e-02 9.71898e-03 4.21684e-03 -1.00352e-02 6.45597e-03 -2.10774e-02 -1.27041e-03 3.09524e-03 1.44967e-02 4.53735e-04 2.10562e-03 -5.17429e-03 -5.50426e-03 2.39917e-03 -1.25075e-03
2.20291e-01 -6.02233e-01 -5.83034e-02 2.27839e+00 7.01221e-03 2.90887e-01 2.42520e-02 -1.29504e-01 3.24053e-02 -1.78274e-02 -2.11495e-02 -2.08172e-03 1.75485e-02 2.13562e-02 -3.11243e-03 8.59361e-03 -8.11307e-03 5.98574e-04 6.02633e-04 7.30338e-04 5.59947e-04 3.89145e-05 -6.68560e-04
1.06357e-01 4.47055e-01 -3.18852e-01 7.01221e-03 9.75650e-01 -9.77039e-02 -3.25405e-02 -9.53768e-02 -4.89381e-02 1.34142e-02 -2.37890e-02 4.54022e-04 -3.10923e-03 3.88938e-03 -7.88693e-05 -3.73531e-03 8.01805e-04 5.60072e-03 1.60751e-03 1.76661e-03 -4.90923e-05 -8.32972e-04 1.09293e-03
-3.47477e-01 -5.10554e-01 -3.54728e-01 2.90887e-01 -9.77039e-02 8.24006e-01 7.82418e-02 2.25035e-02 -1.37089e-03 1.16652e-02 3.60550e-02 1.46041e-02 1.27839e-03 1.61303e-02 -1.95804e-03 4.09457e-04 -4.03093e-03 -1.24548e-03 2.43771e-04 -1.75197e-03 3.81489e-05 -8.91139e-04 -2.02030e-03
-4.74969e-01 3.58623e-03 -2.53498e-01 2.42520e-02 -3.25405e-02 7.82418e-02 3.30820e-01 2.39098e-02 7.95430e-03 2.34874e-02 -4.85537e-03 7.38788e-03 2.22711e-03 2.79923e-03 -3.20202e-03 1.27274e-03 -1.52943e-03 -1.20746e-03 -2.93009e-03 -6.69477e-04 -1.52699e-03 -1.98332e-03 -1.39133e-03
-4.12745e-01 2.11489e-01 -2.70260e-02 -1.29504e-01 -9.53768e-02 2.25035e-02 2.39098e-02 2.36781e-01 -6.02723e-03 7.51297e-04 7.21111e-03 2.83975e-04 -5.08569e-03 -1.61860e-03 4.10561e-03 1.49381e-03 2.37610e-03 -2.26495e-03 -8.00860e-04 -4.65260e-05 -6.39915e-05 2.69180e-05 -5.80455e-04
-1.12091e-01 -2.53457e-01 2.12900e-02 3.24053e-02 -4.89381e-02 -1.37089e-03 7.95430e-03 -6.02723e-03 7.15444e-02 -2.88077e-03 6.26263e-03 -3.12796e-03 5.90505e-03 1.15635e-03 -5.72014e-04 -2.10512e-04 8.12075e-04 7.36125e-04 -8.78529e-04 -8.76684e-04 2.93763e-04 1.25981e-04 4.10632e-05
-2.17375e-01 -7.82328e-02 9.71898e-03 -1.78274e-02 1.34142e-02 1.16652e-02 2.34874e-02 7.51297e-04 -2.88077e-03 5.01084e-02 1.64555e-04 5.29040e-03 1.98665e-03 -2.17413e-03 1.06439e-03 2.26594e-04 1.36298e-04 -9.06492e-04 -5.42915e-05 -3.68747e-04 -3.01679e-04 -3.14686e-04 2.89487e-04
-1.26628e-01 -2.55358e-02 4.21684e-03 -2.11495e-02 -2.37890e-02 3.60550e-02 -4.85537e-03 7.21111e-03 6.26263e-03 1.64555e-04 3.17348e-02 2.69943e-03 1.69275e-03 1.14406e-03 1.31767e-03 -5.62768e-04 -2.60935e-04 9.68905e-05 -1.10275e-04 -4.27665e-04 2.74355e-04 9.04698e-05 -1.97602e-04
-3.44604e-02 -4.88158e-02 -1.00352e-02 -2.08172e-03 4.54022e-04 1.46041e-02 7.38788e-03 2.83975e-04 -3.12796e-03 5.29040e-03 2.69943e-03 1.24183e-02 -3.10548e-04 1.06948e-03 4.72401e-04 5.66147e-04 6.20048e-05 -1.50337e-04 -4.68167e-04 -5.80990e-04 -4.70966e-04 -3.11137e-04 3.24258e-05
2.52234e-02 -3.42680e-02 6.45597e-03 1.75485e-02 -3.10923e-03 1.27839e-03 2.22711e-03 -5.08569e-03 5.90505e-03 1.98665e-03 1.69275e-03 -3.10548e-04 6.89600e-03 6.05655e-04 2.86581e-06 5.41673e-05 -3.13928e-04 2.16413e-04 1.10557e-04 3.16523e-05 9.17720e-05 2.30697e-05 -1.90077e-04
4.57091e-02 -2.43141e-02 -2.10774e-02 2.13562e-02 3.88938e-03 1.61303e-02 2.79923e-03 -1.61860e-03 1.15635e-03 -2.17413e-03 1.14406e-03 1.06948e-03 6.05655e-04 5.07230e-03 1.61773e-04 -2.43630e-04 -3.46927e-04 -3.54264e-05 -6.16262e-05 1.24765e-04 1.63877e-04 -1.33112e-05 -7.06834e-06
-5.39978e-03 -1.70651e-02 -1.27041e-03 -3.11243e-03 -7.88693e-05 -1.95804e-03 -3.20202e-03 4.10561e-03 -5.72014e-04 1.06439e-03 1.31767e-03 4.72401e-04 2.86581e-06 1.61773e-04 2.34749e-03 1.90590e-04 -6.64596e-05 -1.07494e-04 1.58928e-04 -7.46314e-05 -1.30080e-04 -6.04644e-05 1.20383e-04
1.38417e-02 -8.40966e-03 3.09524e-03 8.59361e-03 -3.73531e-03 4.09457e-04 1.27274e-03 1.49381e-03 -2.10512e-04 2.26594e-04 -5.62768e-04 5.66147e-04 5.41673e-05 -2.43630e-04 1.90590e-04 1.34553e-03 1.05113e-04 -1.12597e-05 2.11560e-05 -4.60054e-05 1.06809e-05 -5.28456e-05 4.38456e-05
-1.75967e-02 7.13604e-03 1.44967e-02 -8.11307e-03 8.01805e-04 -4.03093e-03 -1.52943e-03 2.37610e-03 8.12075e-04 1.36298e-04 -2.60935e-04 6.20048e-05 -3.13928e-04 -3.46927e-04 -6.64596e-05 1.05113e-04 1.08934e-03 1.40876e-04 -1.15014e-04 -1.22093e-04 -5.99753e-05 9.07920e-05 2.94829e-05
4.91278e-03 8.50333e-03 4.53735e-04 5.98574e-04 5.60072e-03 -1.24548e-03 -1.20746e-03 -2.26495e-03 7.36125e-04 -9.06492e-04 9.68905e-05 -1.50337e-04 2.16413e-04 -3.54264e-05 -1.07494e-04 -1.12597e-05 1.40876e-04 7.13885e-04 1.83300e-04 4.81758e-05 1.70041e-06 2.62900e-05 -3.75132e-05
3.23192e-03 -9.47699e-05 2.10562e-03 6.02633e-04 1.60751e-03 2.43771e-04 -2.93009e-03 -8.00860e-04 -8.78529e-04 -5.42915e-05 -1.10275e-04 -4.68167e-04 1.10557e-04 -6.16262e-05 1.58928e-04 2.11560e-05 -1.15014e-04 1.83300e-04 4.71935e-04 1.58733e-04 8.08657e-05 4.26545e-05 -3.49175e-06
3.84002e-03 3.54783e-03 -5.17429e-03 7.30338e-04 1.76661e-03 -1.75197e-03 -6.69477e-04 -4.65260e-05 -8.76684e-04 -3.68747e-04 -4.27665e-04 -5.80990e-04 3.16523e-05 1.24765e-04 -7.46314e-05 -4.60054e-05 -1.22093e-04 4.81758e-05 1.58733e-04 2.95903e-04 1.04910e-04 3.29869e-05 -1.29072e-05
1.21428e-02 -3.15006e-03 -5.50426e-03 5.59947e-04 -4.90923e-05 3.81489e-05 -1.52699e-03 -6.39915e-05 2.93763e-04 -3.01679e-04 2.74355e-04 -4.70966e-04 9.17720e-05 1.63877e-04 -1.30080e-04 1.06809e-05 -5.99753e-05 1.70041e-06 8.08657e-05 1.04910e-04 2.16327e-04 5.62407e-05 2.97825e-06
-1.25568e-03 -2.61277e-03 2.39917e-03 3.89145e-05 -8.32972e-04 -8.91139e-04 -1.98332e-03 2.69180e-05 1.25981e-04 -3.14686e-04 9.04698e-05 -3.11137e-04 2.30697e-05 -1.33112e-05 -6.04644e-05 -5.28456e-05 9.07920e-05 2.62900e-05 4.26545e-05 3.29869e-05 5.62407e-05 1.90345e-04 4.28289e-05
-4.00088e-03 1.17035e-03 -1.25075e-03 -6.68560e-04 1.09293e-03 -2.02030e-03 -1.39133e-03 -5.80455e-04 4.10632e-05 2.89487e-04 -1.97602e-04 3.24258e-05 -1.90077e-04 -7.06834e-06 1.20383e-04 4.38456e-05 2.94829e-05 -3.75132e-05 -3.49175e-06 -1.29072e-05 2.97825e-06 4.28289e-05 1.15931e-04
