1.26792e+05 1.39173e+04 -2.56484e+03 7.30732e+02 -1.57523e+03 8.72484e+02 -4.90003e+02 1.22859e+02 2.26693e+02 4.87040e+01 -8.89998e+01 -7.07595e+01 6.41487e+01 3.75217e+01 1.46190e+01 8.79044e+00 1.81430e+01 4.25112e+00 8.13499e+00 -1.38693e+01 8.01625e+00 5.03290e+00 1.12924e+01
1.39173e+04 5.55909e+04 -4.08005e+03 -4.43587e+02 -8.45544e+02 1.12595e+03 -1.29935e+02 3.48126e+02 2.27982e+02 7.82610e+01 1.38080e+02 8.00231e+01 6.43453e+01 -2.43136e+01 9.14481e+00 -2.27592e+01 -3.19432e+00 -9.17383e+00 -2.39687e+00 -1.08832e+01 -4.85241e+00 -1.57772e+01 1.13346e+01
-2.56484e+03 -4.08005e+03 1.73237e+04 1.43272e+03 2.08797e+02 6.66517e+02 4.22357e+02 6.54719e+01 9.39987e+01 1.55902e+02 5.20438e+01 2.84178e+01 2.73096e+01 2.18797e+01 2.57776e+01 9.76318e+00 5.28034e+00 1.01294e+01 -5.06964e+00 -5.50603e+00 -5.32522e-01 7.22853e+00 -1.42501e+00
7.30732e+02 -4.43587e+02 1.43272e+03 7.89749e+03 9.59049e+02 3.86919e+02 2.01815e+02 2.42891e+02 1.44854e+02 1.84780e+02 8.29315e+01 5.59121e+01 5.38558e+01 5.49854e+01 2.37534e+01 1.09927e+01 6.51990e+00 1.01201e+01 4.60842e+00 -2.17152e+00 2.30658e+00 3.47362e+00 2.06968e-01
-1.57523e+03 -8.45544e+02 2.08797e+02 9.59049e+02 2.13696e+03 3.87655e+02 2.31987e+02 1.58643e+02 1.12056e+02 7.97852e+01 6.73032e+01 4.76204e+01 4.37329e+01 4.05729e+01 3.09419e+01 2.04475e+01 1.21842e+01 5.65863e+00 4.93722e+00 1.61810e+00 -9.40507e-01 -3.17003e+00 -1.38637e+00
8.72484e+02 1.12595e+03 6.66517e+02 3.86919e+02 3.87655e+02 9.17623e+02 1.26341e+02 1.03249e+02 5.98305e+01 3.83084e+01 2.15675e+01 3.14856e+01 1.24160e+01 1.55519e+01 1.33553e+01 5.24239e+00 6.38734e+00 5.42389e+00 3.42081e+00 2.48326e+00 2.30792e+00 5.15891e-02 3.76448e-01
-4.90003e+02 -1.29935e+02 4.22357e+02 2.01815e+02 2.31987e+02 1.26341e+02 2.61391e+02 5.53621e+01 3.53251e+01 2.77041e+01 2.43706e+01 2.19656e+01 1.58552e+01 1.56802e+01 1.34870e+01 9.29648e+00 7.22335e+00 6.76798e+00 3.87405e+00 3.07849e+00 1.16408e+00 9.34380e-02 -1.06558e+00
1.22859e+02 3.48126e+02 6.54719e+01 2.42891e+02 1.58643e+02 1.03249e+02 5.53621e+01 8.10474e+01 3.19857e+01 1.76659e+01 1.13063e+01 9.65348e+00 8.64341e+00 6.16068e+00 5.05806e+00 1.49449e+00 7.51568e-01 1.28315e+00 4.62225e-01 -5.45870e-03 -1.46782e-01 -1.53119e-01 -1.38134e-01
2.26693e+02 2.27982e+02 9.39987e+01 1.44854e+02 1.12056e+02 5.98305e+01 3.53251e+01 3.19857e+01 5.04623e+01 2.22948e+01 1.09263e+01 7.86206e+00 8.01837e+00 5.92600e+00 4.23633e+00 1.62331e+00 1.59771e+00 1.89148e+00 1.05957e+00 1.08962e-01 -2.90975e-01 -5.37360e-01 -1.51055e-01
4.87040e+01 7.82610e+01 1.55902e+02 1.84780e+02 7.97852e+01 3.83084e+01 2.77041e+01 1.76659e+01 2.22948e+01 2.57645e+01 8.93441e+00 5.34658e+00 6.32620e+00 5.61388e+00 3.54447e+00 2.36857e+00 2.00654e+00 1.73083e+00 7.94622e-01 -2.95479e-01 -3.39609e-01 -2.09854e-01 -3.37207e-01
-8.89998e+01 1.38080e+02 5.20438e+01 8.29315e+01 6.73032e+01 2.15675e+01 2.43706e+01 1.13063e+01 1.09263e+01 8.93441e+00 1.38198e+01 6.32479e+00 5.16826e+00 4.50629e+00 3.34314e+00 2.67270e+00 2.35048e+00 1.55354e+00 9.09406e-01 3.05359e-01 -7.77340e-02 -2.37843e-01 -2.92129e-02
-7.07595e+01 8.00231e+01 2.84178e+01 5.59121e+01 4.76204e+01 3.14856e+01 2.19656e+01 9.65348e+00 7.86206e+00 5.34658e+00 6.32479e+00 7.43420e+00 3.86411e+00 3.19840e+00 2.46598e+00 1.52805e+00 1.52436e+00 1.12829e+00 6.42545e-01 3.37167e-01 1.79312e-01 -7.88937e-02 -2.88294e-02
6.41487e+01 6.43453e+01 2.73096e+01 5.38558e+01 4.37329e+01 1.24160e+01 1.58552e+01 8.64341e+00 8.01837e+00 6.32620e+00 5.16826e+00 3.86411e+00 5.87974e+00 3.75269e+00 2.74840e+00 2.21492e+00 1.56856e+00 1.29351e+00 7.21950e-01 5.25095e-01 1.13999e-01 1.37927e-01 9.07909e-02
3.75217e+01 -2.43136e+01 2.18797e+01 5.49854e+01 4.05729e+01 1.55519e+01 1.56802e+01 6.16068e+00 5.92600e+00 5.61388e+00 4.50629e+00 3.19840e+00 3.75269e+00 3.94946e+00 2.33240e+00 2.03613e+00 1.46839e+00 1.21452e+00 7.27729e-01 4.76873e-01 2.77844e-01 1.02460e-01 -1.02793e-02
1.46190e+01 9.14481e+00 2.57776e+01 2.37534e+01 3.09419e+01 1.33553e+01 1.34870e+01 5.05806e+00 4.23633e+00 3.54447e+00 3.34314e+00 2.46598e+00 2.74840e+00 2.33240e+00 2.64756e+00 1.92220e+00 1.41508e+00 1.17377e+00 7.81129e-01 5.41204e-01 2.31134e-01 6.56577e-03 -5.27620e-02
8.79044e+00 -2.27592e+01 9.76318e+00 1.09927e+01 2.04475e+01 5.24239e+00 9.29648e+00 1.49449e+00 1.62331e+00 2.36857e+00 2.67270e+00 1.52805e+00 2.21492e+00 2.03613e+00 1.92220e+00 2.33215e+00 1.38548e+00 1.13678e+00 7.51717e-01 6.05939e-01 2.49403e-01 5.15800e-02 -8.09562e-02
1.81430e+01 -3.19432e+00 5.28034e+00 6.51990e+00 1.21842e+01 6.38734e+00 7.22335e+00 7.51568e-01 1.59771e+00 2.00654e+00 2.35048e+00 1.52436e+00 1.56856e+00 1.46839e+00 1.41508e+00 1.38548e+00 1.57405e+00 1.06325e+00 6.67137e-01 4.76953e-01 1.73195e-01 2.84362e-02 -4.08721e-02
4.25112e+00 -9.17383e+00 1.01294e+01 1.01201e+01 5.65863e+00 5.42389e+00 6.76798e+00 1.28315e+00 1.89148e+00 1.73083e+00 1.55354e+00 1.12829e+00 1.29351e+00 1.21452e+00 1.17377e+00 1.13678e+00 1.06325e+00 1.04032e+00 6.33881e-01 4.75854e-01 2.29259e-01 8.90958e-02 -2.69499e-02
8.13499e+00 -2.39687e+00 -5.06964e+00 4.60842e+00 4.93722e+00 3.42081e+00 3.87405e+00 4.62225e-01 1.05957e+00 7.94622e-01 9.09406e-01 6.42545e-01 7.21950e-01 7.27729e-01 7.81129e-01 7.51717e-01 6.67137e-01 6.33881e-01 5.91518e-01 4.29282e-01 2.20072e-01 6.56129e-02 -3.68941e-02
-1.38693e+01 -1.08832e+01 -5.50603e+00 -2.17152e+00 1.61810e+00 2.48326e+00 3.07849e+00 -5.45870e-03 1.08962e-01 -2.95479e-01 3.05359e-01 3.37167e-01 5.25095e-01 4.76873e-01 5.41204e-01 6.05939e-01 4.76953e-01 4.75854e-01 4.29282e-01 5.09224e-01 2.76652e-01 1.40684e-01 4.22030e-02
8.01625e+00 -4.85241e+00 -5.32522e-01 2.30658e+00 -9.40507e-01 2.30792e+00 1.16408e+00 -1.46782e-01 -2.90975e-01 -3.39609e-01 -7.77340e-02 1.79312e-01 1.13999e-01 2.77844e-01 2.31134e-01 2.49403e-01 1.73195e-01 2.29259e-01 2.20072e-01 2.76652e-01 3.33860e-01 1.60699e-01 5.86915e-02
5.03290e+00 -1.57772e+01 7.22853e+00 3.47362e+00 -3.17003e+00 5.15891e-02 9.34380e-02 -1.53119e-01 -5.37360e-01 -2.09854e-01 -2.37843e-01 -7.88937e-02 1.37927e-01 1.02460e-01 6.56577e-03 5.15800e-02 2.84362e-02 8.90958e-02 6.56129e-02 1.40684e-01 1.60699e-01 2.51369e-01 1.47863e-01
1.12924e+01 1.13346e+01 -1.42501e+00 2.06968e-01 -1.38637e+00 3.76448e-01 -1.06558e+00 -1.38134e-01 -1.51055e-01 -3.37207e-01 -2.92129e-02 -2.88294e-02 9.07909e-02 -1.02793e-02 -5.27620e-02 -8.09562e-02 -4.08721e-02 -2.69499e-02 -3.68941e-02 4.22030e-02 5.86915e-02 1.47863e-01 2.48097e-01
