4.65058e+02 -1.50198e+01 3.47619e-01 -1.08691e+01 -5.20255e+00 -4.49859e+00 1.00932e+00 -2.54190e+00 -5.12282e-01 -8.92961e-01 4.45188e-02 1.81727e-01 1.99214e-01 2.62723e-01 1.83620e-01 1.41518e-01 5.22729e-02 4.87434e-02 8.25157e-02 -8.45122e-02 5.23163e-02 -8.15139e-03 -5.41043e-02
-1.50198e+01 2.14328e+02 -6.52210e+00 -1.73247e+01 2.67903e+00 8.53122e-01 1.31071e+00 -1.61715e+00 -2.51202e-01 -4.02337e-01 -3.21611e-02 1.51502e-01 3.42218e-01 2.30056e-01 7.67089e-02 1.67206e-01 -4.08679e-02 1.10167e-02 1.02589e-02 -2.61833e-02 -2.38490e-02 -1.56791e-02 -1.18456e-02
3.47619e-01 -6.52210e+00 8.27678e+01 5.99188e+00 -1.16230e+01 -3.10884e+00 7.73007e-01 6.94569e-01 -6.94593e-01 -2.66406e-01 -3.43222e-02 2.82804e-01 6.16718e-02 1.46671e-01 -5.09386e-03 2.65193e-02 -3.09032e-02 -4.76833e-02 -6.48802e-02 -1.22247e-01 -8.95382e-02 -1.62204e-02 3.56012e-02
-1.08691e+01 -1.73247e+01 5.99188e+00 4.87585e+01 6.28743e-01 -2.20518e+00 -6.48018e-01 6.54348e-02 3.12459e-01 -2.81844e-01 -3.47953e-01 -1.55221e-01 -5.95902e-02 -7.90643e-02 -1.02762e-01 -5.51319e-02 1.49285e-04 -3.25584e-02 -1.22113e-03 -7.50757e-03 2.13298e-02 7.23881e-03 -1.04574e-02
-5.20255e+00 2.67903e+00 -1.16230e+01 6.28743e-01 1.63496e+01 1.14111e+00 -2.29908e-01 -2.91664e-01 -1.77112e-01 -5.58709e-02 -1.79077e-01 -6.46477e-02 4.88459e-03 -3.62855e-02 -7.16436e-02 -5.36775e-02 -3.05658e-02 -4.16538e-03 1.64503e-02 1.23526e-02 7.73347e-03 1.77964e-02 -2.27582e-03
-4.49859e+00 8.53122e-01 -3.10884e+00 -2.20518e+00 1.14111e+00 6.77640e+00 2.98651e-01 2.66049e-01 1.91949e-01 1.44888e-01 1.13826e-01 -6.72555e-02 3.84363e-02 1.12947e-02 3.90514e-02 3.16009e-02 7.64360e-03 2.14900e-03 3.20059e-03 7.35729e-03 1.24471e-03 -1.23879e-02 -4.49798e-03
1.00932e+00 1.31071e+00 7.73007e-01 -6.48018e-01 -2.29908e-01 2.98651e-01 2.48152e+00 1.91322e-01 1.16361e-01 -1.49020e-02 1.08991e-02 -1.03996e-02 -3.06044e-02 -2.39660e-03 1.17305e-02 -1.33284e-03 -3.93509e-03 -9.22837e-03 -1.14310e-02 1.10486e-03 -3.09737e-03 -7.46308e-03 -7.35339e-04
-2.54190e+00 -1.61715e+00 6.94569e-01 6.54348e-02 -2.91664e-01 2.66049e-01 1.91322e-01 7.50756e-01 1.42095e-02 -4.42225e-02 -2.22766e-02 -1.97499e-03 -6.23259e-03 3.79602e-03 4.67565e-05 6.37285e-03 1.84973e-03 -1.05416e-03 -6.99415e-04 8.99630e-05 -2.22616e-03 -8.48558e-04 -1.44727e-03
-5.12282e-01 -2.51202e-01 -6.94593e-01 3.12459e-01 -1.77112e-01 1.91949e-01 1.16361e-01 1.42095e-02 2.98739e-01 2.45111e-02 2.53061e-02 1.14640e-02 1.74162e-02 1.55577e-03 -8.76630e-03 1.44590e-03 7.88551e-04 -2.01879e-03 2.55484e-03 3.98063e-03 2.31738e-03 -2.14692e-03 -1.72038e-04
-8.92961e-01 -4.02337e-01 -2.66406e-01 -2.81844e-01 -5.58709e-02 1.44888e-01 -1.49020e-02 -4.42225e-02 2.45111e-02 1.41209e-01 1.77267e-02 1.05461e-02 5.88218e-03 3.55976e-03 3.44355e-03 1.92210e-03 2.73868e-03 -2.54914e-04 1.31060e-03 -1.54178e-04 7.33965e-05 8.98389e-05 1.00639e-03
4.45188e-02 -3.21611e-02 -3.43222e-02 -3.47953e-01 -1.79077e-01 1.13826e-01 1.08991e-02 -2.22766e-02 2.53061e-02 1.77267e-02 7.77759e-02 1.15350e-02 6.38566e-03 3.20702e-03 -1.26984e-03 5.57326e-04 2.09505e-03 2.04393e-03 -1.44602e-03 4.57641e-04 7.11167e-04 -2.18916e-04 4.97175e-04
1.81727e-01 1.51502e-01 2.82804e-01 -1.55221e-01 -6.46477e-02 -6.72555e-02 -1.03996e-02 -1.97499e-03 1.14640e-02 1.05461e-02 1.15350e-02 3.80069e-02 7.93219e-03 3.49663e-03 -9.59061e-04 -4.13538e-04 -8.56976e-04 3.85741e-04 -6.59951e-05 -1.36101e-04 -1.47830e-04 -3.23367e-04 -2.55569e-04
1.99214e-01 3.42218e-01 6.16718e-02 -5.95902e-02 4.88459e-03 3.84363e-02 -3.06044e-02 -6.23259e-03 1.74162e-02 5.88218e-03 6.38566e-03 7.93219e-03 2.88122e-02 7.06901e-03 3.12883e-03 2.14923e-03 6.67627e-04 1.76319e-03 2.04984e-03 8.78477e-04 1.06371e-03 8.08136e-04 -4.97832e-04
2.62723e-01 2.30056e-01 1.46671e-01 -7.90643e-02 -3.62855e-02 1.12947e-02 -2.39660e-03 3.79602e-03 1.55577e-03 3.55976e-03 3.20702e-03 3.49663e-03 7.06901e-03 1.57256e-02 4.81759e-03 1.90628e-03 1.52942e-03 9.87950e-04 1.01635e-03 2.56408e-04 -3.15655e-04 -2.63670e-04 2.13054e-05
1.83620e-01 7.67089e-02 -5.09386e-03 -1.02762e-01 -7.16436e-02 3.90514e-02 1.17305e-02 4.67565e-05 -8.76630e-03 3.44355e-03 -1.26984e-03 -9.59061e-04 3.12883e-03 4.81759e-03 9.40454e-03 2.61745e-03 1.29399e-03 1.01573e-03 2.66400e-04 -2.19263e-04 -4.83769e-04 1.56053e-04 -4.68094e-05
1.41518e-01 1.67206e-01 2.65193e-02 -5.51319e-02 -5.36775e-02 3.16009e-02 -1.33284e-03 6.37285e-03 1.44590e-03 1.92210e-03 5.57326e-04 -4.13538e-04 2.14923e-03 1.90628e-03 2.61745e-03 4.17056e-03 7.53649e-04 4.59973e-04 3.56371e-04 4.32271e-05 7.15815e-05 -2.26729e-04 -7.64215e-05
5.22729e-02 -4.08679e-02 -3.09032e-02 1.49285e-04 -3.05658e-02 7.64360e-03 -3.93509e-03 1.84973e-03 7.88551e-04 2.73868e-03 2.09505e-03 -8.56976e-04 6.67627e-04 1.52942e-03 1.29399e-03 7.53649e-04 3.16352e-03 6.04775e-04 5.77110e-04 1.66270e-04 5.03661e-05 -5.42199e-05 -1.74805e-05
4.87434e-02 1.10167e-02 -4.76833e-02 -3.25584e-02 -4.16538e-03 2.14900e-03 -9.22837e-03 -1.05416e-03 -2.01879e-03 -2.54914e-04 2.04393e-03 3.85741e-04 1.76319e-03 9.87950e-04 1.01573e-03 4.59973e-04 6.04775e-04 1.71193e-03 6.50605e-04 2.02009e-04 1.50779e-04 3.35447e-05 3.34878e-05
8.25157e-02 1.02589e-02 -6.48802e-02 -1.22113e-03 1.64503e-02 3.20059e-03 -1.14310e-02 -6.99415e-04 2.55484e-03 1.31060e-03 -1.44602e-03 -6.59951e-05 2.04984e-03 1.01635e-03 2.66400e-04 3.56371e-04 5.77110e-04 6.50605e-04 1.60438e-03 6.94190e-04 4.44076e-04 1.27675e-04 -8.61509e-05
-8.45122e-02 -2.61833e-02 -1.22247e-01 -7.50757e-03 1.23526e-02 7.35729e-03 1.10486e-03 8.99630e-05 3.98063e-03 -1.54178e-04 4.57641e-04 -1.36101e-04 8.78477e-04 2.56408e-04 -2.19263e-04 4.32271e-05 1.66270e-04 2.02009e-04 6.94190e-04 1.31695e-03 3.20679e-04 -3.58420e-06 -9.35551e-05
5.23163e-02 -2.38490e-02 -8.95382e-02 2.13298e-02 7.73347e-03 1.24471e-03 -3.09737e-03 -2.22616e-03 2.31738e-03 7.33965e-05 7.11167e-04 -1.47830e-04 1.06371e-03 -3.15655e-04 -4.83769e-04 7.15815e-05 5.03661e-05 1.50779e-04 4.44076e-04 3.20679e-04 1.18716e-03 3.04184e-04 4.06358e-05
-8.15139e-03 -1.56791e-02 -1.62204e-02 7.23881e-03 1.77964e-02 -1.23879e-02 -7.46308e-03 -8.48558e-04 -2.14692e-03 8.98389e-05 -2.18916e-04 -3.23367e-04 8.08136e-04 -2.63670e-04 1.56053e-04 -2.26729e-04 -5.42199e-05 3.35447e-05 1.27675e-04 -3.58420e-06 3.04184e-04 5.63648e-04 1.36626e-04
-5.41043e-02 -1.18456e-02 3.56012e-02 -1.04574e-02 -2.27582e-03 -4.49798e-03 -7.35339e-04 -1.44727e-03 -1.72038e-04 1.00639e-03 4.97175e-04 -2.55569e-04 -4.97832e-04 2.13054e-05 -4.68094e-05 -7.64215e-05 -1.74805e-05 3.34878e-05 -8.61509e-05 -9.35551e-05 4.06358e-05 1.36626e-04 4.38030e-04
