1.74285e+04 6.16828e+03 2.23325e+03 2.86692e+03 1.88746e+03 1.09760e+03 7.68901e+02 7.11785e+02 3.36726e+02 2.93578e+02 1.89947e+02 1.90158e+02 1.75038e+02 1.20624e+02 9.13446e+01 7.57074e+01 6.75622e+01 5.26664e+01 4.38633e+01 4.06364e+01 3.19917e+01 2.62684e+01 1.35141e+01
6.16828e+03 8.81742e+03 2.54897e+03 2.04990e+03 1.31829e+03 8.49892e+02 6.74822e+02 5.36701e+02 3.16371e+02 2.37037e+02 2.10504e+02 1.74144e+02 1.27910e+02 9.43321e+01 7.16667e+01 5.90480e+01 3.87494e+01 3.21397e+01 1.87947e+01 1.21567e+01 8.56253e+00 9.42420e+00 8.98286e+00
2.23325e+03 2.54897e+03 2.81179e+03 1.02080e+03 7.14343e+02 4.69153e+02 3.65645e+02 2.66202e+02 1.76602e+02 1.33222e+02 1.02477e+02 8.58687e+01 7.68065e+01 5.85839e+01 4.59698e+01 3.80840e+01 3.19504e+01 2.37456e+01 2.01467e+01 1.55871e+01 8.69687e+00 6.49439e+00 4.97100e+00
2.86692e+03 2.04990e+03 1.02080e+03 1.59910e+03 6.86051e+02 4.66814e+02 3.19249e+02 2.47903e+02 1.26249e+02 1.31368e+02 9.14619e+01 6.89267e+01 6.46490e+01 5.06387e+01 3.79127e+01 2.56353e+01 2.30007e+01 1.71429e+01 1.08265e+01 9.27819e+00 4.80647e+00 2.54760e+00 3.95676e-01
1.88746e+03 1.31829e+03 7.14343e+02 6.86051e+02 7.84733e+02 3.39942e+02 2.48475e+02 1.83525e+02 1.08745e+02 9.74170e+01 6.15284e+01 5.57981e+01 4.81712e+01 3.62530e+01 3.02919e+01 2.09335e+01 1.64699e+01 1.28328e+01 1.05572e+01 8.03693e+00 5.72102e+00 4.95956e+00 2.46584e+00
1.09760e+03 8.49892e+02 4.69153e+02 4.66814e+02 3.39942e+02 3.27669e+02 1.69813e+02 1.30919e+02 6.91984e+01 7.04840e+01 4.74292e+01 3.61307e+01 2.90913e+01 2.16797e+01 1.73933e+01 1.20157e+01 1.10852e+01 9.00433e+00 6.41447e+00 4.38077e+00 2.89647e+00 2.01973e+00 1.09786e+00
7.68901e+02 6.74822e+02 3.65645e+02 3.19249e+02 2.48475e+02 1.69813e+02 1.69654e+02 9.55279e+01 5.87042e+01 5.04385e+01 3.60508e+01 3.04718e+01 2.40270e+01 1.89809e+01 1.55941e+01 1.11929e+01 9.17791e+00 7.01869e+00 5.19797e+00 3.56714e+00 2.75363e+00 2.03050e+00 9.82363e-01
7.11785e+02 5.36701e+02 2.66202e+02 2.47903e+02 1.83525e+02 1.30919e+02 9.55279e+01 9.42042e+01 4.71344e+01 4.16483e+01 2.85689e+01 2.34771e+01 1.93221e+01 1.46585e+01 1.17014e+01 8.06027e+00 7.07409e+00 5.46725e+00 4.24485e+00 2.72226e+00 1.97934e+00 1.48578e+00 8.26272e-01
3.36726e+02 3.16371e+02 1.76602e+02 1.26249e+02 1.08745e+02 6.91984e+01 5.87042e+01 4.71344e+01 4.18067e+01 2.49562e+01 1.71369e+01 1.47781e+01 1.13678e+01 8.17065e+00 7.07166e+00 4.71373e+00 3.88448e+00 2.89468e+00 2.30828e+00 1.43721e+00 1.13146e+00 9.41466e-01 5.47525e-01
2.93578e+02 2.37037e+02 1.33222e+02 1.31368e+02 9.74170e+01 7.04840e+01 5.04385e+01 4.16483e+01 2.49562e+01 2.71528e+01 1.49709e+01 1.26308e+01 1.05969e+01 7.93740e+00 6.56994e+00 4.56299e+00 4.09473e+00 3.09914e+00 2.33657e+00 1.50312e+00 1.21343e+00 1.00098e+00 5.64133e-01
1.89947e+02 2.10504e+02 1.02477e+02 9.14619e+01 6.15284e+01 4.74292e+01 3.60508e+01 2.85689e+01 1.71369e+01 1.49709e+01 1.55541e+01 9.70632e+00 7.52347e+00 6.21085e+00 4.74615e+00 3.41141e+00 2.86424e+00 2.24073e+00 1.60226e+00 1.00434e+00 7.22968e-01 5.33000e-01 3.84320e-01
1.90158e+02 1.74144e+02 8.58687e+01 6.89267e+01 5.57981e+01 3.61307e+01 3.04718e+01 2.34771e+01 1.47781e+01 1.26308e+01 9.70632e+00 9.84859e+00 6.69332e+00 5.25062e+00 4.16163e+00 2.93277e+00 2.59791e+00 2.12834e+00 1.55602e+00 9.59555e-01 7.63221e-01 6.62711e-01 4.06192e-01
1.75038e+02 1.27910e+02 7.68065e+01 6.46490e+01 4.81712e+01 2.90913e+01 2.40270e+01 1.93221e+01 1.13678e+01 1.05969e+01 7.52347e+00 6.69332e+00 6.69024e+00 4.74561e+00 3.78809e+00 2.78138e+00 2.54112e+00 2.02621e+00 1.60689e+00 1.23886e+00 9.16559e-01 8.00717e-01 4.69909e-01
1.20624e+02 9.43321e+01 5.85839e+01 5.06387e+01 3.62530e+01 2.16797e+01 1.89809e+01 1.46585e+01 8.17065e+00 7.93740e+00 6.21085e+00 5.25062e+00 4.74561e+00 4.64969e+00 3.47745e+00 2.58186e+00 2.27722e+00 1.83326e+00 1.40948e+00 1.05628e+00 8.26967e-01 6.54986e-01 3.08369e-01
9.13446e+01 7.16667e+01 4.59698e+01 3.79127e+01 3.02919e+01 1.73933e+01 1.55941e+01 1.17014e+01 7.07166e+00 6.56994e+00 4.74615e+00 4.16163e+00 3.78809e+00 3.47745e+00 3.16482e+00 2.26252e+00 2.02456e+00 1.64029e+00 1.31524e+00 9.91007e-01 7.65097e-01 5.90881e-01 3.00742e-01
7.57074e+01 5.90480e+01 3.80840e+01 2.56353e+01 2.09335e+01 1.20157e+01 1.11929e+01 8.06027e+00 4.71373e+00 4.56299e+00 3.41141e+00 2.93277e+00 2.78138e+00 2.58186e+00 2.26252e+00 2.07779e+00 1.71484e+00 1.39122e+00 1.07520e+00 8.59242e-01 6.35748e-01 5.27370e-01 2.52449e-01
6.75622e+01 3.87494e+01 3.19504e+01 2.30007e+01 1.64699e+01 1.10852e+01 9.17791e+00 7.07409e+00 3.88448e+00 4.09473e+00 2.86424e+00 2.59791e+00 2.54112e+00 2.27722e+00 2.02456e+00 1.71484e+00 1.72348e+00 1.36809e+00 1.11605e+00 8.62802e-01 6.29759e-01 5.37179e-01 2.92371e-01
5.26664e+01 3.21397e+01 2.37456e+01 1.71429e+01 1.28328e+01 9.00433e+00 7.01869e+00 5.46725e+00 2.89468e+00 3.09914e+00 2.24073e+00 2.12834e+00 2.02621e+00 1.83326e+00 1.64029e+00 1.39122e+00 1.36809e+00 1.26283e+00 9.91468e-01 7.71597e-01 6.00854e-01 4.99695e-01 2.80168e-01
4.38633e+01 1.87947e+01 2.01467e+01 1.08265e+01 1.05572e+01 6.41447e+00 5.19797e+00 4.24485e+00 2.30828e+00 2.33657e+00 1.60226e+00 1.55602e+00 1.60689e+00 1.40948e+00 1.31524e+00 1.07520e+00 1.11605e+00 9.91468e-01 9.64580e-01 7.71125e-01 6.11426e-01 5.03952e-01 2.93843e-01
4.06364e+01 1.21567e+01 1.55871e+01 9.27819e+00 8.03693e+00 4.38077e+00 3.56714e+00 2.72226e+00 1.43721e+00 1.50312e+00 1.00434e+00 9.59555e-01 1.23886e+00 1.05628e+00 9.91007e-01 8.59242e-01 8.62802e-01 7.71597e-01 7.71125e-01 7.43408e-01 5.88104e-01 4.86524e-01 2.93372e-01
3.19917e+01 8.56253e+00 8.69687e+00 4.80647e+00 5.72102e+00 2.89647e+00 2.75363e+00 1.97934e+00 1.13146e+00 1.21343e+00 7.22968e-01 7.63221e-01 9.16559e-01 8.26967e-01 7.65097e-01 6.35748e-01 6.29759e-01 6.00854e-01 6.11426e-01 5.88104e-01 5.87629e-01 4.90888e-01 3.09627e-01
2.62684e+01 9.42420e+00 6.49439e+00 2.54760e+00 4.95956e+00 2.01973e+00 2.03050e+00 1.48578e+00 9.41466e-01 1.00098e+00 5.33000e-01 6.62711e-01 8.00717e-01 6.54986e-01 5.90881e-01 5.27370e-01 5.37179e-01 4.99695e-01 5.03952e-01 4.86524e-01 4.90888e-01 5.14172e-01 3.63491e-01
1.35141e+01 8.98286e+00 4.97100e+00 3.95676e-01 2.46584e+00 1.09786e+00 9.82363e-01 8.26272e-01 5.47525e-01 5.64133e-01 3.84320e-01 4.06192e-01 4.69909e-01 3.08369e-01 3.00742e-01 2.52449e-01 2.92371e-01 2.80168e-01 2.93843e-01 2.93372e-01 3.09627e-01 3.63491e-01 3.78940e-01
