1.39756e+04 3.19184e+03 1.68405e+03 2.38090e+03 1.52561e+03 8.35172e+02 5.45663e+02 4.61755e+02 2.84769e+02 2.60047e+02 1.83691e+02 1.19185e+02 1.40985e+02 9.72879e+01 8.68384e+01 5.79505e+01 3.86461e+01 3.05427e+01 2.04108e+01 1.65104e+01 8.67016e+00 1.08528e+01 1.13437e+01
3.19184e+03 5.00201e+03 1.68773e+03 1.53719e+03 1.06265e+03 6.47977e+02 4.50792e+02 3.22016e+02 2.63626e+02 1.78754e+02 1.52536e+02 1.17515e+02 1.00603e+02 8.73404e+01 6.54179e+01 4.50272e+01 3.63451e+01 2.98924e+01 2.10617e+01 1.60111e+01 1.27117e+01 8.89742e+00 8.49470e+00
1.68405e+03 1.68773e+03 2.38736e+03 9.62801e+02 7.92676e+02 4.51624e+02 3.21136e+02 2.43338e+02 1.80811e+02 1.01821e+02 1.03522e+02 7.14456e+01 5.73980e+01 5.11677e+01 3.31888e+01 2.77537e+01 2.29701e+01 1.81167e+01 1.41656e+01 8.06483e+00 3.63879e+00 4.48264e+00 5.64856e+00
2.38090e+03 1.53719e+03 9.62801e+02 1.46804e+03 7.14119e+02 3.62395e+02 2.77948e+02 2.08575e+02 1.54651e+02 1.13498e+02 9.18952e+01 6.56619e+01 6.14973e+01 4.80541e+01 3.47136e+01 2.34484e+01 2.00949e+01 1.45385e+01 1.15385e+01 6.51404e+00 2.20947e+00 3.00371e+00 3.18061e+00
1.52561e+03 1.06265e+03 7.92676e+02 7.14119e+02 8.84541e+02 3.19295e+02 2.43807e+02 1.65003e+02 1.28009e+02 9.28800e+01 8.22988e+01 5.83254e+01 5.00207e+01 4.07096e+01 2.96793e+01 2.20995e+01 1.83241e+01 1.28430e+01 1.00219e+01 6.77456e+00 3.69054e+00 3.67278e+00 3.78888e+00
8.35172e+02 6.47977e+02 4.51624e+02 3.62395e+02 3.19295e+02 2.62875e+02 1.25486e+02 9.41204e+01 7.29917e+01 5.19167e+01 4.13510e+01 3.19668e+01 2.81945e+01 2.34538e+01 1.82346e+01 1.32021e+01 1.06848e+01 8.68844e+00 6.70315e+00 3.68992e+00 1.50561e+00 2.23974e+00 2.17467e+00
5.45663e+02 4.50792e+02 3.21136e+02 2.77948e+02 2.43807e+02 1.25486e+02 1.27871e+02 6.90100e+01 5.27016e+01 3.59146e+01 3.10866e+01 2.53028e+01 2.09913e+01 1.69416e+01 1.19531e+01 9.34390e+00 7.65891e+00 6.49851e+00 5.02306e+00 3.19721e+00 1.54020e+00 1.67953e+00 1.69311e+00
4.61755e+02 3.22016e+02 2.43338e+02 2.08575e+02 1.65003e+02 9.41204e+01 6.90100e+01 7.61822e+01 4.30627e+01 2.83417e+01 2.42996e+01 1.77110e+01 1.50362e+01 1.18498e+01 8.83504e+00 6.67421e+00 5.23120e+00 4.02249e+00 3.25998e+00 2.10485e+00 8.04721e-01 8.29603e-01 9.05448e-01
2.84769e+02 2.63626e+02 1.80811e+02 1.54651e+02 1.28009e+02 7.29917e+01 5.27016e+01 4.30627e+01 3.85946e+01 2.27777e+01 1.93651e+01 1.39646e+01 1.16911e+01 9.71304e+00 7.21876e+00 5.05982e+00 4.46812e+00 3.61894e+00 2.87425e+00 1.76185e+00 8.82290e-01 1.03044e+00 1.06524e+00
2.60047e+02 1.78754e+02 1.01821e+02 1.13498e+02 9.28800e+01 5.19167e+01 3.59146e+01 2.83417e+01 2.27777e+01 2.10269e+01 1.34650e+01 9.78782e+00 9.08520e+00 6.88293e+00 5.40449e+00 4.00959e+00 3.47718e+00 2.75734e+00 2.15871e+00 1.42686e+00 8.59720e-01 9.18922e-01 8.36651e-01
1.83691e+02 1.52536e+02 1.03522e+02 9.18952e+01 8.22988e+01 4.13510e+01 3.10866e+01 2.42996e+01 1.93651e+01 1.34650e+01 1.47013e+01 9.13571e+00 7.69832e+00 6.25735e+00 4.71224e+00 3.55871e+00 2.93291e+00 2.24867e+00 1.81783e+00 1.12953e+00 6.57313e-01 6.68898e-01 6.82700e-01
1.19185e+02 1.17515e+02 7.14456e+01 6.56619e+01 5.83254e+01 3.19668e+01 2.53028e+01 1.77110e+01 1.39646e+01 9.78782e+00 9.13571e+00 8.25569e+00 5.74706e+00 4.85051e+00 3.66073e+00 2.81701e+00 2.21440e+00 1.83017e+00 1.50044e+00 9.61835e-01 4.92756e-01 4.24062e-01 4.53243e-01
1.40985e+02 1.00603e+02 5.73980e+01 6.14973e+01 5.00207e+01 2.81945e+01 2.09913e+01 1.50362e+01 1.16911e+01 9.08520e+00 7.69832e+00 5.74706e+00 6.14324e+00 4.50993e+00 3.46979e+00 2.74253e+00 2.31632e+00 1.86627e+00 1.49858e+00 1.02411e+00 6.02074e-01 5.99635e-01 5.84667e-01
9.72879e+01 8.73404e+01 5.11677e+01 4.80541e+01 4.07096e+01 2.34538e+01 1.69416e+01 1.18498e+01 9.71304e+00 6.88293e+00 6.25735e+00 4.85051e+00 4.50993e+00 4.25766e+00 3.05854e+00 2.42541e+00 2.02733e+00 1.64964e+00 1.34639e+00 9.31706e-01 5.72138e-01 5.43157e-01 5.05665e-01
8.68384e+01 6.54179e+01 3.31888e+01 3.47136e+01 2.96793e+01 1.82346e+01 1.19531e+01 8.83504e+00 7.21876e+00 5.40449e+00 4.71224e+00 3.66073e+00 3.46979e+00 3.05854e+00 2.82789e+00 1.98940e+00 1.64625e+00 1.34955e+00 1.09168e+00 7.58272e-01 4.94483e-01 4.41071e-01 4.20169e-01
5.79505e+01 4.50272e+01 2.77537e+01 2.34484e+01 2.20995e+01 1.32021e+01 9.34390e+00 6.67421e+00 5.05982e+00 4.00959e+00 3.55871e+00 2.81701e+00 2.74253e+00 2.42541e+00 1.98940e+00 1.89751e+00 1.49774e+00 1.24187e+00 1.03428e+00 7.35490e-01 4.80104e-01 4.13894e-01 3.76222e-01
3.86461e+01 3.63451e+01 2.29701e+01 2.00949e+01 1.83241e+01 1.06848e+01 7.65891e+00 5.23120e+00 4.46812e+00 3.47718e+00 2.93291e+00 2.21440e+00 2.31632e+00 2.02733e+00 1.64625e+00 1.49774e+00 1.44822e+00 1.16489e+00 9.74977e-01 6.81405e-01 4.51763e-01 3.93445e-01 3.44313e-01
3.05427e+01 2.98924e+01 1.81167e+01 1.45385e+01 1.28430e+01 8.68844e+00 6.49851e+00 4.02249e+00 3.61894e+00 2.75734e+00 2.24867e+00 1.83017e+00 1.86627e+00 1.64964e+00 1.34955e+00 1.24187e+00 1.16489e+00 1.12069e+00 9.15079e-01 6.76031e-01 4.76887e-01 3.96954e-01 3.55668e-01
2.04108e+01 2.10617e+01 1.41656e+01 1.15385e+01 1.00219e+01 6.70315e+00 5.02306e+00 3.25998e+00 2.87425e+00 2.15871e+00 1.81783e+00 1.50044e+00 1.49858e+00 1.34639e+00 1.09168e+00 1.03428e+00 9.74977e-01 9.15079e-01 8.86379e-01 6.69877e-01 5.05692e-01 4.29538e-01 3.67295e-01
1.65104e+01 1.60111e+01 8.06483e+00 6.51404e+00 6.77456e+00 3.68992e+00 3.19721e+00 2.10485e+00 1.76185e+00 1.42686e+00 1.12953e+00 9.61835e-01 1.02411e+00 9.31706e-01 7.58272e-01 7.35490e-01 6.81405e-01 6.76031e-01 6.69877e-01 6.23583e-01 4.89401e-01 3.93620e-01 3.28087e-01
8.67016e+00 1.27117e+01 3.63879e+00 2.20947e+00 3.69054e+00 1.50561e+00 1.54020e+00 8.04721e-01 8.82290e-01 8.59720e-01 6.57313e-01 4.92756e-01 6.02074e-01 5.72138e-01 4.94483e-01 4.80104e-01 4.51763e-01 4.76887e-01 5.05692e-01 4.89401e-01 4.96714e-01 4.10068e-01 3.33511e-01
1.08528e+01 8.89742e+00 4.48264e+00 3.00371e+00 3.67278e+00 2.23974e+00 1.67953e+00 8.29603e-01 1.03044e+00 9.18922e-01 6.68898e-01 4.24062e-01 5.99635e-01 5.43157e-01 4.41071e-01 4.13894e-01 3.93445e-01 3.96954e-01 4.29538e-01 3.93620e-01 4.10068e-01 4.60703e-01 3.95517e-01
1.13437e+01 8.49470e+00 5.64856e+00 3.18061e+00 3.78888e+00 2.17467e+00 1.69311e+00 9.05448e-01 1.06524e+00 8.36651e-01 6.82700e-01 4.53243e-01 5.84667e-01 5.05665e-01 4.20169e-01 3.76222e-01 3.44313e-01 3.55668e-01 3.67295e-01 3.28087e-01 3.33511e-01 3.95517e-01 4.35972e-01
