6.81367e+01 -5.67515e+00 2.69345e+00 -4.16483e-01 -4.65691e-01 9.13845e-01 -3.80302e-01 1.86337e-02 -9.56812e-02 -1.29191e-03 1.11780e-01 -1.11707e-01 5.76493e-02 -9.35441e-03 -2.88040e-03 2.40584e-02 4.77200e-02 -2.52773e-02 2.03532e-03 -3.40133e-03 3.32329e-02 3.42514e-02 2.01602e-03
-5.67515e+00 2.67625e+01 -2.97251e+00 -2.25950e+00 8.81043e-01 -5.99744e-01 2.77813e-01 2.03671e-01 1.69766e-01 2.13959e-03 4.48713e-02 2.71068e-02 -2.65459e-02 2.36883e-02 1.60421e-02 -4.99275e-03 4.65561e-03 5.89720e-03 3.05583e-02 7.25154e-03 6.57817e-03 2.83720e-03 7.62048e-03
2.69345e+00 -2.97251e+00 1.34151e+01 8.28311e-01 1.22521e+00 -4.51048e-01 1.69060e-01 2.46796e-01 -1.32075e-02 -4.70782e-02 4.99290e-02 2.58143e-02 -1.73509e-03 -2.79992e-02 -8.46530e-03 -7.62716e-03 1.35994e-02 -4.34278e-03 -3.13358e-02 -1.83792e-02 9.74840e-04 3.92311e-03 2.77748e-03
-4.16483e-01 -2.25950e+00 8.28311e-01 7.63881e+00 2.67723e-01 4.20545e-02 -7.24983e-02 3.18559e-02 1.31583e-01 -2.76983e-03 1.53969e-01 -4.99929e-03 4.27013e-02 1.49543e-02 6.45222e-03 1.82556e-02 -2.55412e-02 4.91919e-03 7.34360e-03 6.89872e-03 4.00881e-03 5.76676e-03 5.99394e-03
-4.65691e-01 8.81043e-01 1.22521e+00 2.67723e-01 3.63340e+00 4.09880e-02 1.38708e-01 5.27888e-02 4.57894e-02 4.17881e-02 9.19408e-02 3.39571e-02 -8.07443e-03 2.32753e-03 -8.01246e-03 -2.15978e-02 -2.89612e-03 5.57760e-03 1.78194e-03 -2.87513e-03 -1.89684e-03 4.76373e-03 8.51513e-05
9.13845e-01 -5.99744e-01 -4.51048e-01 4.20545e-02 4.09880e-02 9.01233e-01 -1.42800e-02 8.91177e-03 5.36598e-02 -1.13486e-02 -2.91121e-03 7.31708e-03 9.28625e-03 1.10164e-02 1.16624e-02 4.81947e-04 5.13695e-03 -1.63830e-03 -2.96604e-03 -1.38406e-03 8.68845e-04 1.56378e-03 4.16424e-04
-3.80302e-01 2.77813e-01 1.69060e-01 -7.24983e-02 1.38708e-01 -1.42800e-02 5.41070e-01 1.48753e-02 1.90629e-02 1.23617e-02 2.04687e-03 2.20551e-02 2.31942e-03 7.85632e-03 5.65655e-03 1.17701e-03 1.21776e-03 6.08501e-04 1.58108e-04 1.94024e-03 1.65867e-05 -7.94410e-04 8.57782e-04
1.86337e-02 2.03671e-01 2.46796e-01 3.18559e-02 5.27888e-02 8.91177e-03 1.48753e-02 2.37021e-01 1.84729e-02 -8.89538e-04 6.62371e-03 -1.10673e-02 6.78024e-03 5.40464e-03 6.31377e-04 -1.20348e-03 1.70240e-03 -2.00072e-03 7.04063e-04 1.47985e-04 -6.40075e-04 6.17877e-04 1.32692e-03
-9.56812e-02 1.69766e-01 -1.32075e-02 1.31583e-01 4.57894e-02 5.36598e-02 1.90629e-02 1.84729e-02 1.45066e-01 5.17163e-03 1.88681e-02 3.33022e-03 -2.06097e-03 3.29312e-03 3.65937e-03 1.86376e-03 2.36149e-03 3.15073e-04 1.56502e-03 9.27252e-04 3.58227e-04 -6.62106e-07 8.90465e-04
-1.29191e-03 2.13959e-03 -4.70782e-02 -2.76983e-03 4.17881e-02 -1.13486e-02 1.23617e-02 -8.89538e-04 5.17163e-03 5.63029e-02 6.39246e-03 4.52266e-03 1.73665e-03 -3.88259e-04 -7.78744e-04 9.02948e-05 -2.38542e-04 -3.12104e-04 1.20838e-03 3.43554e-04 2.46729e-04 6.80495e-04 5.24012e-04
1.11780e-01 4.48713e-02 4.99290e-02 1.53969e-01 9.19408e-02 -2.91121e-03 2.04687e-03 6.62371e-03 1.88681e-02 6.39246e-03 4.33945e-02 4.45267e-03 3.24655e-04 -5.86060e-04 -3.04451e-04 -7.78620e-04 -7.81977e-04 7.20653e-04 2.83584e-04 3.98854e-04 2.77007e-04 5.88673e-04 8.87734e-04
-1.11707e-01 2.71068e-02 2.58143e-02 -4.99929e-03 3.39571e-02 7.31708e-03 2.20551e-02 -1.10673e-02 3.33022e-03 4.52266e-03 4.45267e-03 2.11587e-02 3.24982e-03 3.68225e-03 3.32532e-04 -1.83732e-04 -4.34058e-04 7.00450e-04 -2.93713e-04 1.65605e-04 3.60365e-04 4.05645e-04 2.40783e-04
5.76493e-02 -2.65459e-02 -1.73509e-03 4.27013e-02 -8.07443e-03 9.28625e-03 2.31942e-03 6.78024e-03 -2.06097e-03 1.73665e-03 3.24655e-04 3.24982e-03 1.49062e-02 2.18314e-03 6.74142e-04 4.48473e-04 -2.81791e-05 5.98210e-04 1.59957e-04 6.28164e-04 2.59456e-04 7.00119e-05 9.26264e-05
-9.35441e-03 2.36883e-02 -2.79992e-02 1.49543e-02 2.32753e-03 1.10164e-02 7.85632e-03 5.40464e-03 3.29312e-03 -3.88259e-04 -5.86060e-04 3.68225e-03 2.18314e-03 5.82825e-03 6.03995e-04 7.22976e-06 4.86863e-05 3.64778e-05 -1.75853e-04 -3.40329e-05 1.49029e-04 1.32089e-04 -1.29261e-04
-2.88040e-03 1.60421e-02 -8.46530e-03 6.45222e-03 -8.01246e-03 1.16624e-02 5.65655e-03 6.31377e-04 3.65937e-03 -7.78744e-04 -3.04451e-04 3.32532e-04 6.74142e-04 6.03995e-04 3.57829e-03 7.50930e-04 2.33897e-04 2.55449e-04 1.10992e-04 2.79278e-04 2.95933e-05 1.23856e-04 7.72018e-05
2.40584e-02 -4.99275e-03 -7.62716e-03 1.82556e-02 -2.15978e-02 4.81947e-04 1.17701e-03 -1.20348e-03 1.86376e-03 9.02948e-05 -7.78620e-04 -1.83732e-04 4.48473e-04 7.22976e-06 7.50930e-04 2.37171e-03 3.21255e-04 1.73686e-04 1.26918e-04 -5.68724e-05 -3.34303e-05 5.42175e-05 1.02103e-04
4.77200e-02 4.65561e-03 1.35994e-02 -2.55412e-02 -2.89612e-03 5.13695e-03 1.21776e-03 1.70240e-03 2.36149e-03 -2.38542e-04 -7.81977e-04 -4.34058e-04 -2.81791e-05 4.86863e-05 2.33897e-04 3.21255e-04 1.44669e-03 3.43601e-04 1.98265e-04 8.91647e-05 9.94042e-05 9.81696e-05 9.11823e-05
-2.52773e-02 5.89720e-03 -4.34278e-03 4.91919e-03 5.57760e-03 -1.63830e-03 6.08501e-04 -2.00072e-03 3.15073e-04 -3.12104e-04 7.20653e-04 7.00450e-04 5.98210e-04 3.64778e-05 2.55449e-04 1.73686e-04 3.43601e-04 8.05013e-04 2.30403e-04 1.83948e-04 3.83145e-05 -2.78257e-06 4.53169e-05
2.03532e-03 3.05583e-02 -3.13358e-02 7.34360e-03 1.78194e-03 -2.96604e-03 1.58108e-04 7.04063e-04 1.56502e-03 1.20838e-03 2.83584e-04 -2.93713e-04 1.59957e-04 -1.75853e-04 1.10992e-04 1.26918e-04 1.98265e-04 2.30403e-04 8.57798e-04 3.74089e-04 1.34695e-04 6.96035e-05 1.28597e-04
-3.40133e-03 7.25154e-03 -1.83792e-02 6.89872e-03 -2.87513e-03 -1.38406e-03 1.94024e-03 1.47985e-04 9.27252e-04 3.43554e-04 3.98854e-04 1.65605e-04 6.28164e-04 -3.40329e-05 2.79278e-04 -5.68724e-05 8.91647e-05 1.83948e-04 3.74089e-04 6.13535e-04 1.71918e-04 2.39310e-05 1.14425e-04
3.32329e-02 6.57817e-03 9.74840e-04 4.00881e-03 -1.89684e-03 8.68845e-04 1.65867e-05 -6.40075e-04 3.58227e-04 2.46729e-04 2.77007e-04 3.60365e-04 2.59456e-04 1.49029e-04 2.95933e-05 -3.34303e-05 9.94042e-05 3.83145e-05 1.34695e-04 1.71918e-04 3.38040e-04 1.20355e-04 4.83133e-05
3.42514e-02 2.83720e-03 3.92311e-03 5.76676e-03 4.76373e-03 1.56378e-03 -7.94410e-04 6.17877e-04 -6.62106e-07 6.80495e-04 5.88673e-04 4.05645e-04 7.00119e-05 1.32089e-04 1.23856e-04 5.42175e-05 9.81696e-05 -2.78257e-06 6.96035e-05 2.39310e-05 1.20355e-04 3.60241e-04 1.49712e-04
2.01602e-03 7.62048e-03 2.77748e-03 5.99394e-03 8.51513e-05 4.16424e-04 8.57782e-04 1.32692e-03 8.90465e-04 5.24012e-04 8.87734e-04 2.40783e-04 9.26264e-05 -1.29261e-04 7.72018e-05 1.02103e-04 9.11823e-05 4.53169e-05 1.28597e-04 1.14425e-04 4.83133e-05 1.49712e-04 2.85100e-04
