6.63529e+01 4.05737e+00 2.14918e+00 9.48400e-01 -2.66249e-01 -1.03879e+00 -1.74029e-01 -1.23784e-01 4.58130e-01 -1.49570e-02 7.30789e-02 -2.76499e-01 -3.18586e-03 1.23625e-02 -2.50367e-02 5.20402e-02 1.61536e-02 7.22163e-02 3.18113e-02 -1.21524e-02 -1.19138e-02 -1.05108e-02 -1.08486e-02
4.05737e+00 1.87349e+01 -1.98479e+00 -1.41734e+00 -5.51069e-01 -9.84675e-01 1.59191e-01 -2.00622e-01 6.24850e-02 -1.57211e-01 -9.00015e-02 5.42386e-02 -3.98232e-02 2.96282e-02 1.67113e-02 1.96393e-02 5.07365e-04 4.79411e-03 -6.83904e-03 -6.68250e-03 8.14815e-03 2.51024e-03 1.17517e-02
2.14918e+00 -1.98479e+00 1.10832e+01 1.79411e+00 -1.54686e+00 -1.22672e-01 2.45936e-01 -2.02529e-01 -9.14679e-02 -3.87381e-03 -3.46473e-02 -6.86468e-02 7.72403e-02 3.40943e-02 -1.59252e-02 -5.82357e-03 2.52129e-03 1.69562e-02 5.77426e-03 -4.82868e-03 -2.04749e-04 7.51712e-05 -8.14555e-03
9.48400e-01 -1.41734e+00 1.79411e+00 7.89579e+00 -2.38215e-01 -6.77439e-02 5.67695e-02 1.69172e-01 -7.86309e-02 1.55263e-01 -5.00174e-03 2.00532e-02 6.84862e-02 9.50786e-03 -9.43690e-03 2.86618e-02 2.75741e-03 2.45907e-03 5.48465e-03 3.82687e-03 1.45422e-03 9.28077e-03 -1.37501e-03
-2.66249e-01 -5.51069e-01 -1.54686e+00 -2.38215e-01 3.66068e+00 5.68160e-01 -1.05268e-01 -4.26011e-02 -2.13774e-03 2.75717e-02 6.96239e-02 4.15736e-02 1.63178e-03 5.78317e-03 1.25975e-02 1.20891e-02 -9.72110e-03 4.68534e-03 1.12098e-03 4.68991e-03 8.31830e-04 4.57212e-04 3.82277e-03
-1.03879e+00 -9.84675e-01 -1.22672e-01 -6.77439e-02 5.68160e-01 1.41961e+00 -1.83792e-02 5.03624e-02 -3.55549e-02 -6.61770e-03 3.05926e-02 -9.22498e-04 -1.54803e-02 1.76382e-03 1.24695e-02 1.03224e-02 3.56443e-04 -4.32112e-03 3.87988e-04 3.87198e-03 5.50398e-03 -1.94344e-03 -7.92582e-04
-1.74029e-01 1.59191e-01 2.45936e-01 5.67695e-02 -1.05268e-01 -1.83792e-02 3.78537e-01 -1.32043e-02 4.17748e-02 -5.46125e-03 1.58470e-03 1.30111e-02 2.51074e-03 6.61381e-03 -4.69104e-03 1.44922e-03 4.36724e-03 2.10376e-03 2.10950e-03 1.37645e-03 1.19640e-03 1.02731e-03 5.27184e-05
-1.23784e-01 -2.00622e-01 -2.02529e-01 1.69172e-01 -4.26011e-02 5.03624e-02 -1.32043e-02 3.02817e-01 3.51579e-02 3.51705e-04 2.44355e-02 -2.47654e-03 -2.86249e-03 -2.67278e-03 5.13295e-03 1.95606e-04 4.19117e-04 3.09323e-04 3.37222e-03 1.36333e-03 8.74321e-04 1.94514e-03 5.21728e-04
4.58130e-01 6.24850e-02 -9.14679e-02 -7.86309e-02 -2.13774e-03 -3.55549e-02 4.17748e-02 3.51579e-02 1.04455e-01 -7.36007e-03 7.42193e-03 -6.29528e-03 3.07135e-03 -1.89366e-04 -2.28188e-03 -3.18662e-05 1.12981e-03 6.31794e-07 -1.05286e-03 -6.14205e-05 8.08748e-06 7.55405e-05 1.56672e-04
-1.49570e-02 -1.57211e-01 -3.87381e-03 1.55263e-01 2.75717e-02 -6.61770e-03 -5.46125e-03 3.51705e-04 -7.36007e-03 7.09910e-02 3.68633e-04 3.38982e-03 3.64671e-03 5.41996e-04 1.55963e-03 -8.81445e-04 1.02019e-03 5.26098e-05 -1.23958e-04 -6.69436e-04 -7.41310e-04 1.94074e-04 4.47099e-04
7.30789e-02 -9.00015e-02 -3.46473e-02 -5.00174e-03 6.96239e-02 3.05926e-02 1.58470e-03 2.44355e-02 7.42193e-03 3.68633e-04 3.61412e-02 -9.91210e-04 -1.37261e-03 -2.29750e-03 -1.10913e-04 -1.05409e-03 1.37755e-03 3.03061e-04 9.87125e-04 6.97132e-04 -8.19754e-05 2.61011e-04 -4.38455e-04
-2.76499e-01 5.42386e-02 -6.86468e-02 2.00532e-02 4.15736e-02 -9.22498e-04 1.30111e-02 -2.47654e-03 -6.29528e-03 3.38982e-03 -9.91210e-04 2.08386e-02 1.35402e-03 2.66083e-03 1.47728e-03 -2.85022e-04 -4.63053e-04 3.20296e-04 4.27585e-04 4.09792e-04 5.07859e-04 3.89176e-04 2.87498e-04
-3.18586e-03 -3.98232e-02 7.72403e-02 6.84862e-02 1.63178e-03 -1.54803e-02 2.51074e-03 -2.86249e-03 3.07135e-03 3.64671e-03 -1.37261e-03 1.35402e-03 1.09298e-02 1.13556e-03 1.43515e-03 5.60609e-04 5.55454e-04 2.29858e-05 2.61958e-04 -1.08378e-04 -1.39328e-05 1.44172e-04 -2.56328e-04
1.23625e-02 2.96282e-02 3.40943e-02 9.50786e-03 5.78317e-03 1.76382e-03 6.61381e-03 -2.67278e-03 -1.89366e-04 5.41996e-04 -2.29750e-03 2.66083e-03 1.13556e-03 6.03140e-03 1.01838e-03 8.27093e-04 9.95503e-05 1.75852e-05 1.05636e-04 1.10273e-04 1.94901e-05 4.92392e-05 -6.77823e-05
-2.50367e-02 1.67113e-02 -1.59252e-02 -9.43690e-03 1.25975e-02 1.24695e-02 -4.69104e-03 5.13295e-03 -2.28188e-03 1.55963e-03 -1.10913e-04 1.47728e-03 1.43515e-03 1.01838e-03 3.30380e-03 6.23867e-04 2.05797e-04 -1.25819e-04 1.74350e-04 8.59881e-05 3.78655e-04 2.62658e-04 4.57148e-05
5.20402e-02 1.96393e-02 -5.82357e-03 2.86618e-02 1.20891e-02 1.03224e-02 1.44922e-03 1.95606e-04 -3.18662e-05 -8.81445e-04 -1.05409e-03 -2.85022e-04 5.60609e-04 8.27093e-04 6.23867e-04 2.32093e-03 2.13881e-04 2.81294e-05 1.17784e-04 3.05117e-06 1.20810e-04 -2.07828e-05 2.86321e-05
1.61536e-02 5.07365e-04 2.52129e-03 2.75741e-03 -9.72110e-03 3.56443e-04 4.36724e-03 4.19117e-04 1.12981e-03 1.02019e-03 1.37755e-03 -4.63053e-04 5.55454e-04 9.95503e-05 2.05797e-04 2.13881e-04 1.08006e-03 2.75773e-04 1.82754e-04 1.50081e-04 8.15535e-05 2.88496e-05 -4.02397e-05
7.22163e-02 4.79411e-03 1.69562e-02 2.45907e-03 4.68534e-03 -4.32112e-03 2.10376e-03 3.09323e-04 6.31794e-07 5.26098e-05 3.03061e-04 3.20296e-04 2.29858e-05 1.75852e-05 -1.25819e-04 2.81294e-05 2.75773e-04 1.18648e-03 3.05352e-04 1.27310e-04 7.28412e-05 1.04374e-04 5.49185e-05
3.18113e-02 -6.83904e-03 5.77426e-03 5.48465e-03 1.12098e-03 3.87988e-04 2.10950e-03 3.37222e-03 -1.05286e-03 -1.23958e-04 9.87125e-04 4.27585e-04 2.61958e-04 1.05636e-04 1.74350e-04 1.17784e-04 1.82754e-04 3.05352e-04 5.29830e-04 1.78394e-04 6.06971e-05 1.14421e-05 7.02812e-06
-1.21524e-02 -6.68250e-03 -4.82868e-03 3.82687e-03 4.68991e-03 3.87198e-03 1.37645e-03 1.36333e-03 -6.14205e-05 -6.69436e-04 6.97132e-04 4.09792e-04 -1.08378e-04 1.10273e-04 8.59881e-05 3.05117e-06 1.50081e-04 1.27310e-04 1.78394e-04 5.88622e-04 2.72984e-04 4.58628e-05 -6.57828e-05
-1.19138e-02 8.14815e-03 -2.04749e-04 1.45422e-03 8.31830e-04 5.50398e-03 1.19640e-03 8.74321e-04 8.08748e-06 -7.41310e-04 -8.19754e-05 5.07859e-04 -1.39328e-05 1.94901e-05 3.78655e-04 1.20810e-04 8.15535e-05 7.28412e-05 6.06971e-05 2.72984e-04 5.87112e-04 1.72407e-04 -5.70055e-06
-1.05108e-02 2.51024e-03 7.51712e-05 9.28077e-03 4.57212e-04 -1.94344e-03 1.02731e-03 1.94514e-03 7.55405e-05 1.94074e-04 2.61011e-04 3.89176e-04 1.44172e-04 4.92392e-05 2.62658e-04 -2.07828e-05 2.88496e-05 1.04374e-04 1.14421e-05 4.58628e-05 1.72407e-04 3.59336e-04 8.35450e-05
-1.08486e-02 1.17517e-02 -8.14555e-03 -1.37501e-03 3.82277e-03 -7.92582e-04 5.27184e-05 5.21728e-04 1.56672e-04 4.47099e-04 -4.38455e-04 2.87498e-04 -2.56328e-04 -6.77823e-05 4.57148e-05 2.86321e-05 -4.02397e-05 5.49185e-05 7.02812e-06 -6.57828e-05 -5.70055e-06 8.35450e-05 3.08839e-04
