1.06776e+04 3.07007e+03 1.72247e+03 1.25860e+03 1.35404e+03 8.52990e+02 5.44710e+02 3.47234e+02 2.36698e+02 1.69758e+02 1.72204e+02 1.13734e+02 1.02660e+02 6.08101e+01 4.79500e+01 3.60678e+01 2.99554e+01 1.75837e+01 1.64365e+01 9.77136e+00 4.19176e+00 8.44258e-01 6.29806e+00
3.07007e+03 5.54812e+03 1.55540e+03 1.22424e+03 7.74247e+02 6.18506e+02 5.46060e+02 3.38694e+02 2.70892e+02 1.99082e+02 1.69478e+02 1.13406e+02 9.62057e+01 6.43386e+01 5.05344e+01 4.42728e+01 3.34175e+01 2.43222e+01 1.69081e+01 9.32210e+00 5.97835e+00 5.57623e+00 8.85360e+00
1.72247e+03 1.55540e+03 1.74472e+03 8.48724e+02 4.57965e+02 3.11923e+02 2.82232e+02 1.46806e+02 1.18296e+02 9.93325e+01 8.26355e+01 4.81911e+01 4.12868e+01 3.17631e+01 2.49543e+01 2.41249e+01 1.76844e+01 1.56554e+01 1.08050e+01 6.00049e+00 4.07888e+00 4.04227e+00 3.43857e+00
1.25860e+03 1.22424e+03 8.48724e+02 1.18199e+03 5.27036e+02 3.33417e+02 2.51120e+02 1.77888e+02 1.21599e+02 1.01222e+02 9.11279e+01 6.07999e+01 5.11283e+01 3.66219e+01 2.76932e+01 2.47914e+01 1.83046e+01 1.35004e+01 1.10895e+01 6.28113e+00 3.46792e+00 2.71259e+00 3.07551e+00
1.35404e+03 7.74247e+02 4.57965e+02 5.27036e+02 6.34952e+02 2.69645e+02 1.70384e+02 1.32825e+02 8.52734e+01 6.21202e+01 5.66427e+01 4.31656e+01 3.85519e+01 2.64128e+01 2.13448e+01 1.59320e+01 1.44396e+01 1.02793e+01 8.24481e+00 5.22695e+00 3.15395e+00 2.67132e+00 3.12458e+00
8.52990e+02 6.18506e+02 3.11923e+02 3.33417e+02 2.69645e+02 2.57286e+02 1.21293e+02 8.69974e+01 6.32908e+01 4.40537e+01 4.25148e+01 2.87577e+01 2.65294e+01 1.86791e+01 1.38222e+01 1.13791e+01 9.46682e+00 7.36944e+00 6.35576e+00 4.34297e+00 3.00431e+00 2.62764e+00 2.45476e+00
5.44710e+02 5.46060e+02 2.82232e+02 2.51120e+02 1.70384e+02 1.21293e+02 1.14127e+02 5.86572e+01 4.37425e+01 3.52094e+01 3.03553e+01 2.14384e+01 1.92794e+01 1.38053e+01 1.05683e+01 8.42011e+00 6.58141e+00 4.95098e+00 3.70520e+00 2.48782e+00 1.57380e+00 1.45440e+00 1.78513e+00
3.47234e+02 3.38694e+02 1.46806e+02 1.77888e+02 1.32825e+02 8.69974e+01 5.86572e+01 6.00494e+01 3.21232e+01 2.35238e+01 2.07074e+01 1.57009e+01 1.38379e+01 9.52768e+00 8.34887e+00 5.94255e+00 4.80375e+00 4.02901e+00 3.38620e+00 2.04476e+00 1.45232e+00 1.21263e+00 1.15023e+00
2.36698e+02 2.70892e+02 1.18296e+02 1.21599e+02 8.52734e+01 6.32908e+01 4.37425e+01 3.21232e+01 3.28025e+01 1.82657e+01 1.70322e+01 1.21975e+01 1.05568e+01 7.34942e+00 6.05399e+00 4.73739e+00 3.66120e+00 2.92366e+00 2.48830e+00 1.70055e+00 1.11224e+00 1.02937e+00 9.78299e-01
1.69758e+02 1.99082e+02 9.93325e+01 1.01222e+02 6.21202e+01 4.40537e+01 3.52094e+01 2.35238e+01 1.82657e+01 1.82419e+01 1.24225e+01 8.87222e+00 7.58370e+00 5.64131e+00 4.58364e+00 3.67016e+00 2.81917e+00 2.25467e+00 1.82195e+00 1.22292e+00 8.52852e-01 8.35840e-01 7.60354e-01
1.72204e+02 1.69478e+02 8.26355e+01 9.11279e+01 5.66427e+01 4.25148e+01 3.03553e+01 2.07074e+01 1.70322e+01 1.24225e+01 1.42160e+01 8.20943e+00 7.38938e+00 5.29071e+00 4.36666e+00 3.49707e+00 2.71598e+00 2.15195e+00 1.82764e+00 1.20529e+00 8.20614e-01 6.59607e-01 7.13788e-01
1.13734e+02 1.13406e+02 4.81911e+01 6.07999e+01 4.31656e+01 2.87577e+01 2.14384e+01 1.57009e+01 1.21975e+01 8.87222e+00 8.20943e+00 7.57618e+00 5.51395e+00 3.98517e+00 3.32291e+00 2.57077e+00 1.96990e+00 1.59820e+00 1.34981e+00 9.22079e-01 6.58156e-01 5.83076e-01 6.26791e-01
1.02660e+02 9.62057e+01 4.12868e+01 5.11283e+01 3.85519e+01 2.65294e+01 1.92794e+01 1.38379e+01 1.05568e+01 7.58370e+00 7.38938e+00 5.51395e+00 5.91065e+00 3.76978e+00 3.29549e+00 2.59250e+00 1.98089e+00 1.60644e+00 1.32957e+00 1.01743e+00 7.01663e-01 7.18735e-01 7.36030e-01
6.08101e+01 6.43386e+01 3.17631e+01 3.66219e+01 2.64128e+01 1.86791e+01 1.38053e+01 9.52768e+00 7.34942e+00 5.64131e+00 5.29071e+00 3.98517e+00 3.76978e+00 3.20692e+00 2.43016e+00 2.00077e+00 1.55786e+00 1.31766e+00 1.08407e+00 8.42330e-01 6.36819e-01 6.30606e-01 5.80205e-01
4.79500e+01 5.05344e+01 2.49543e+01 2.76932e+01 2.13448e+01 1.38222e+01 1.05683e+01 8.34887e+00 6.05399e+00 4.58364e+00 4.36666e+00 3.32291e+00 3.29549e+00 2.43016e+00 2.51543e+00 1.90012e+00 1.48874e+00 1.18839e+00 9.88076e-01 7.58484e-01 5.63012e-01 5.16758e-01 4.50933e-01
3.60678e+01 4.42728e+01 2.41249e+01 2.47914e+01 1.59320e+01 1.13791e+01 8.42011e+00 5.94255e+00 4.73739e+00 3.67016e+00 3.49707e+00 2.57077e+00 2.59250e+00 2.00077e+00 1.90012e+00 1.87000e+00 1.40109e+00 1.12003e+00 9.20296e-01 7.40769e-01 5.67002e-01 5.11935e-01 4.26209e-01
2.99554e+01 3.34175e+01 1.76844e+01 1.83046e+01 1.44396e+01 9.46682e+00 6.58141e+00 4.80375e+00 3.66120e+00 2.81917e+00 2.71598e+00 1.96990e+00 1.98089e+00 1.55786e+00 1.48874e+00 1.40109e+00 1.25215e+00 9.69689e-01 8.08284e-01 6.40222e-01 5.13545e-01 4.40183e-01 3.83153e-01
1.75837e+01 2.43222e+01 1.56554e+01 1.35004e+01 1.02793e+01 7.36944e+00 4.95098e+00 4.02901e+00 2.92366e+00 2.25467e+00 2.15195e+00 1.59820e+00 1.60644e+00 1.31766e+00 1.18839e+00 1.12003e+00 9.69689e-01 8.97105e-01 7.47808e-01 5.99402e-01 4.94811e-01 4.50556e-01 3.80157e-01
1.64365e+01 1.69081e+01 1.08050e+01 1.10895e+01 8.24481e+00 6.35576e+00 3.70520e+00 3.38620e+00 2.48830e+00 1.82195e+00 1.82764e+00 1.34981e+00 1.32957e+00 1.08407e+00 9.88076e-01 9.20296e-01 8.08284e-01 7.47808e-01 7.77542e-01 6.00136e-01 5.00455e-01 4.34699e-01 3.69608e-01
9.77136e+00 9.32210e+00 6.00049e+00 6.28113e+00 5.22695e+00 4.34297e+00 2.48782e+00 2.04476e+00 1.70055e+00 1.22292e+00 1.20529e+00 9.22079e-01 1.01743e+00 8.42330e-01 7.58484e-01 7.40769e-01 6.40222e-01 5.99402e-01 6.00136e-01 5.63844e-01 4.76136e-01 4.33750e-01 3.73409e-01
4.19176e+00 5.97835e+00 4.07888e+00 3.46792e+00 3.15395e+00 3.00431e+00 1.57380e+00 1.45232e+00 1.11224e+00 8.52852e-01 8.20614e-01 6.58156e-01 7.01663e-01 6.36819e-01 5.63012e-01 5.67002e-01 5.13545e-01 4.94811e-01 5.00455e-01 4.76136e-01 5.02787e-01 4.55043e-01 3.80644e-01
8.44258e-01 5.57623e+00 4.04227e+00 2.71259e+00 2.67132e+00 2.62764e+00 1.45440e+00 1.21263e+00 1.02937e+00 8.35840e-01 6.59607e-01 5.83076e-01 7.18735e-01 6.30606e-01 5.16758e-01 5.11935e-01 4.40183e-01 4.50556e-01 4.34699e-01 4.33750e-01 4.55043e-01 5.11958e-01 4.43946e-01
6.29806e+00 8.85360e+00 3.43857e+00 3.07551e+00 3.12458e+00 2.45476e+00 1.78513e+00 1.15023e+00 9.78299e-01 7.60354e-01 7.13788e-01 6.26791e-01 7.36030e-01 5.80205e-01 4.50933e-01 4.26209e-01 3.83153e-01 3.80157e-01 3.69608e-01 3.73409e-01 3.80644e-01 4.43946e-01 4.69747e-01
