5.80742e+01 3.61317e+00 4.46211e+00 -7.06694e-01 -1.87619e+00 1.83599e+00 8.45279e-01 5.84277e-01 3.91429e-01 -6.76724e-02 8.65550e-02 -2.11193e-01 4.16919e-02 1.37659e-01 1.38136e-02 1.01249e-01 8.53517e-02 1.30594e-02 3.35302e-02 5.86158e-03 -2.37977e-02 7.50791e-03 1.51513e-02
3.61317e+00 2.39162e+01 5.17606e-01 2.79491e+00 1.32608e+00 2.18586e-01 2.08555e-01 4.72555e-01 1.41667e-01 -1.29080e-01 3.18519e-03 6.52696e-02 -3.72081e-02 -3.07352e-03 3.02641e-02 -4.51392e-03 1.13534e-03 2.91692e-02 -4.94559e-03 -5.33800e-03 6.59041e-04 5.55387e-03 8.01261e-03
4.46211e+00 5.17606e-01 1.43196e+01 -6.62369e-01 -3.88907e-01 -2.34966e-01 3.40018e-01 -4.63771e-01 1.59854e-02 8.48465e-02 1.30559e-01 -3.69860e-02 -2.54030e-02 -6.30344e-03 -4.11635e-02 6.13831e-03 1.67153e-02 -1.84548e-02 -9.70994e-03 -8.99206e-03 -7.34924e-03 -1.32554e-02 3.78165e-03
-7.06694e-01 2.79491e+00 -6.62369e-01 6.14393e+00 2.55192e-01 9.22404e-01 1.76212e-01 2.83834e-01 -5.38278e-02 -4.23063e-02 -3.71360e-02 2.74602e-02 -1.70500e-03 2.34207e-02 1.61353e-02 4.29453e-03 1.08402e-02 2.28942e-02 1.00730e-02 1.12580e-02 5.25185e-03 3.86581e-03 -4.44210e-03
-1.87619e+00 1.32608e+00 -3.88907e-01 2.55192e-01 2.61770e+00 -1.28445e-01 -6.06666e-03 7.66959e-02 -3.50507e-02 5.27684e-02 -8.72093e-02 -1.10934e-02 1.37413e-02 -2.04094e-04 2.25462e-02 1.06693e-02 1.08091e-02 8.36716e-03 4.45398e-04 -8.95953e-03 1.90565e-03 3.69287e-03 4.44069e-03
1.83599e+00 2.18586e-01 -2.34966e-01 9.22404e-01 -1.28445e-01 1.25658e+00 1.46727e-02 1.44650e-01 1.82685e-02 1.28127e-02 -3.92913e-03 1.18320e-02 2.38500e-03 8.46350e-03 8.82395e-03 5.38140e-03 5.44897e-03 4.28492e-04 1.42758e-03 3.48014e-03 -7.29115e-04 2.64430e-03 2.92355e-03
8.45279e-01 2.08555e-01 3.40018e-01 1.76212e-01 -6.06666e-03 1.46727e-02 6.22462e-01 4.18433e-02 -2.37232e-02 -1.52657e-02 1.66193e-02 2.60726e-03 -1.16118e-02 1.17491e-03 3.90160e-03 1.83079e-03 6.21193e-03 7.51569e-03 1.94916e-03 3.94415e-04 1.27428e-04 4.14470e-04 -2.03238e-03
5.84277e-01 4.72555e-01 -4.63771e-01 2.83834e-01 7.66959e-02 1.44650e-01 4.18433e-02 2.70981e-01 1.24081e-02 8.10166e-03 3.32892e-04 2.76336e-03 -2.25456e-03 7.20870e-04 5.16446e-03 3.50036e-03 4.52132e-03 2.26222e-03 1.70624e-03 6.50498e-04 1.04198e-03 3.06273e-03 1.18536e-03
3.91429e-01 1.41667e-01 1.59854e-02 -5.38278e-02 -3.50507e-02 1.82685e-02 -2.37232e-02 1.24081e-02 1.08308e-01 -3.34501e-03 -1.80225e-03 1.54010e-03 -1.92550e-03 3.90027e-04 -1.11585e-03 -1.09588e-03 -5.15068e-04 3.51394e-04 2.91394e-04 5.55134e-04 2.41460e-04 3.57578e-04 3.33608e-04
-6.76724e-02 -1.29080e-01 8.48465e-02 -4.23063e-02 5.27684e-02 1.28127e-02 -1.52657e-02 8.10166e-03 -3.34501e-03 7.16718e-02 -1.20009e-02 1.40167e-03 1.99721e-03 -2.56106e-03 -1.08320e-04 3.38161e-03 3.29942e-04 4.71873e-04 -9.10062e-04 -1.21326e-03 -1.00702e-03 2.05647e-04 4.61989e-04
8.65550e-02 3.18519e-03 1.30559e-01 -3.71360e-02 -8.72093e-02 -3.92913e-03 1.66193e-02 3.32892e-04 -1.80225e-03 -1.20009e-02 4.07091e-02 5.53807e-04 2.01880e-03 2.74498e-03 1.55484e-03 5.63689e-05 1.06272e-03 7.64092e-04 3.71884e-04 1.16404e-03 2.57034e-04 -4.21132e-04 -5.40860e-04
-2.11193e-01 6.52696e-02 -3.69860e-02 2.74602e-02 -1.10934e-02 1.18320e-02 2.60726e-03 2.76336e-03 1.54010e-03 1.40167e-03 5.53807e-04 2.35872e-02 1.06522e-03 -1.36332e-03 9.77605e-04 1.07953e-03 7.66985e-04 -8.44327e-05 -4.48172e-04 -8.02090e-04 -2.16097e-04 -8.63212e-05 -2.37984e-04
4.16919e-02 -3.72081e-02 -2.54030e-02 -1.70500e-03 1.37413e-02 2.38500e-03 -1.16118e-02 -2.25456e-03 -1.92550e-03 1.99721e-03 2.01880e-03 1.06522e-03 1.26851e-02 2.63701e-03 3.34453e-04 1.43462e-03 1.76215e-04 2.15317e-04 1.06481e-04 4.91541e-05 3.17076e-04 2.49533e-04 -3.20815e-04
1.37659e-01 -3.07352e-03 -6.30344e-03 2.34207e-02 -2.04094e-04 8.46350e-03 1.17491e-03 7.20870e-04 3.90027e-04 -2.56106e-03 2.74498e-03 -1.36332e-03 2.63701e-03 7.12649e-03 2.45724e-04 5.86279e-05 1.19930e-04 4.92394e-04 1.68600e-04 -6.71951e-05 6.99272e-05 2.07361e-04 -2.19926e-05
1.38136e-02 3.02641e-02 -4.11635e-02 1.61353e-02 2.25462e-02 8.82395e-03 3.90160e-03 5.16446e-03 -1.11585e-03 -1.08320e-04 1.55484e-03 9.77605e-04 3.34453e-04 2.45724e-04 3.60916e-03 1.34789e-04 5.28207e-04 3.05407e-04 2.44538e-04 5.28521e-06 8.88117e-05 1.44007e-04 -6.84493e-05
1.01249e-01 -4.51392e-03 6.13831e-03 4.29453e-03 1.06693e-02 5.38140e-03 1.83079e-03 3.50036e-03 -1.09588e-03 3.38161e-03 5.63689e-05 1.07953e-03 1.43462e-03 5.86279e-05 1.34789e-04 2.44407e-03 8.20080e-04 4.33534e-04 -1.98652e-04 -1.48428e-05 -1.46837e-04 1.50698e-05 5.68081e-05
8.53517e-02 1.13534e-03 1.67153e-02 1.08402e-02 1.08091e-02 5.44897e-03 6.21193e-03 4.52132e-03 -5.15068e-04 3.29942e-04 1.06272e-03 7.66985e-04 1.76215e-04 1.19930e-04 5.28207e-04 8.20080e-04 1.87567e-03 5.49358e-04 2.45350e-04 6.48598e-05 2.55434e-05 -1.22556e-04 -1.25267e-04
1.30594e-02 2.91692e-02 -1.84548e-02 2.28942e-02 8.36716e-03 4.28492e-04 7.51569e-03 2.26222e-03 3.51394e-04 4.71873e-04 7.64092e-04 -8.44327e-05 2.15317e-04 4.92394e-04 3.05407e-04 4.33534e-04 5.49358e-04 1.21846e-03 1.13535e-04 3.94225e-05 8.25043e-05 5.99175e-05 -4.60620e-05
3.35302e-02 -4.94559e-03 -9.70994e-03 1.00730e-02 4.45398e-04 1.42758e-03 1.94916e-03 1.70624e-03 2.91394e-04 -9.10062e-04 3.71884e-04 -4.48172e-04 1.06481e-04 1.68600e-04 2.44538e-04 -1.98652e-04 2.45350e-04 1.13535e-04 6.83361e-04 2.38830e-04 6.55851e-05 2.55834e-05 -9.90564e-06
5.86158e-03 -5.33800e-03 -8.99206e-03 1.12580e-02 -8.95953e-03 3.48014e-03 3.94415e-04 6.50498e-04 5.55134e-04 -1.21326e-03 1.16404e-03 -8.02090e-04 4.91541e-05 -6.71951e-05 5.28521e-06 -1.48428e-05 6.48598e-05 3.94225e-05 2.38830e-04 7.47785e-04 2.69859e-04 5.22710e-06 -3.66189e-05
-2.37977e-02 6.59041e-04 -7.34924e-03 5.25185e-03 1.90565e-03 -7.29115e-04 1.27428e-04 1.04198e-03 2.41460e-04 -1.00702e-03 2.57034e-04 -2.16097e-04 3.17076e-04 6.99272e-05 8.88117e-05 -1.46837e-04 2.55434e-05 8.25043e-05 6.55851e-05 2.69859e-04 5.52226e-04 1.19774e-04 -5.13369e-05
7.50791e-03 5.55387e-03 -1.32554e-02 3.86581e-03 3.69287e-03 2.64430e-03 4.14470e-04 3.06273e-03 3.57578e-04 2.05647e-04 -4.21132e-04 -8.63212e-05 2.49533e-04 2.07361e-04 1.44007e-04 1.50698e-05 -1.22556e-04 5.99175e-05 2.55834e-05 5.22710e-06 1.19774e-04 3.32997e-04 1.16897e-04
1.51513e-02 8.01261e-03 3.78165e-03 -4.44210e-03 4.44069e-03 2.92355e-03 -2.03238e-03 1.18536e-03 3.33608e-04 4.61989e-04 -5.40860e-04 -2.37984e-04 -3.20815e-04 -2.19926e-05 -6.84493e-05 5.68081e-05 -1.25267e-04 -4.60620e-05 -9.90564e-06 -3.66189e-05 -5.13369e-05 1.16897e-04 3.36623e-04
