6.04868e+03 2.09259e+03 1.38731e+03 1.51644e+03 9.29458e+02 6.50222e+02 3.05743e+02 2.75714e+02 1.82382e+02 1.61435e+02 1.11464e+02 9.90011e+01 7.92160e+01 5.36936e+01 3.75726e+01 3.50811e+01 2.47910e+01 1.57650e+01 1.38577e+01 8.96888e+00 7.56694e+00 7.01089e+00 1.03784e+01
2.09259e+03 3.32002e+03 1.24125e+03 1.01334e+03 7.39628e+02 4.03727e+02 2.52046e+02 2.81311e+02 1.34130e+02 1.27763e+02 1.02727e+02 7.71633e+01 5.74371e+01 4.95784e+01 4.14125e+01 3.23355e+01 2.32504e+01 1.73861e+01 1.35465e+01 1.10038e+01 9.08507e+00 7.34949e+00 7.50116e+00
1.38731e+03 1.24125e+03 1.66780e+03 7.23968e+02 6.05096e+02 3.43999e+02 2.18402e+02 2.05375e+02 1.34757e+02 1.09199e+02 1.08015e+02 7.39956e+01 5.73112e+01 4.08883e+01 3.54285e+01 2.80779e+01 2.28696e+01 1.66888e+01 1.43819e+01 1.04568e+01 5.30775e+00 4.76952e+00 5.95012e+00
1.51644e+03 1.01334e+03 7.23968e+02 9.80214e+02 4.50831e+02 3.36269e+02 1.61495e+02 1.63077e+02 9.17545e+01 8.36404e+01 7.11339e+01 4.74108e+01 4.01855e+01 2.99923e+01 2.36665e+01 1.74315e+01 1.34605e+01 1.06225e+01 9.45955e+00 6.02572e+00 3.54861e+00 3.06037e+00 3.18156e+00
9.29458e+02 7.39628e+02 6.05096e+02 4.50831e+02 5.57994e+02 2.45244e+02 1.47510e+02 1.31930e+02 8.34377e+01 6.93915e+01 5.98921e+01 4.73560e+01 3.62757e+01 2.72880e+01 2.23707e+01 1.63961e+01 1.17745e+01 9.04127e+00 8.10701e+00 4.99877e+00 3.42377e+00 2.82337e+00 3.19532e+00
6.50222e+02 4.03727e+02 3.43999e+02 3.36269e+02 2.45244e+02 2.54006e+02 1.14370e+02 8.65085e+01 5.32046e+01 4.47941e+01 3.75232e+01 2.77899e+01 2.39306e+01 1.74232e+01 1.45138e+01 1.06592e+01 8.74845e+00 6.10757e+00 5.34521e+00 3.90405e+00 2.48923e+00 2.49704e+00 2.66247e+00
3.05743e+02 2.52046e+02 2.18402e+02 1.61495e+02 1.47510e+02 1.14370e+02 1.06382e+02 5.13458e+01 3.36490e+01 2.94735e+01 2.58459e+01 1.95084e+01 1.56118e+01 1.27866e+01 9.13879e+00 7.68925e+00 6.16027e+00 4.22127e+00 3.44872e+00 2.01239e+00 1.44363e+00 1.35982e+00 1.30647e+00
2.75714e+02 2.81311e+02 2.05375e+02 1.63077e+02 1.31930e+02 8.65085e+01 5.13458e+01 5.96049e+01 2.90819e+01 2.46772e+01 2.30848e+01 1.59672e+01 1.24306e+01 9.66212e+00 8.17805e+00 5.77499e+00 4.58689e+00 3.37293e+00 2.74498e+00 1.96264e+00 1.02337e+00 8.06346e-01 1.10245e+00
1.82382e+02 1.34130e+02 1.34757e+02 9.17545e+01 8.34377e+01 5.32046e+01 3.36490e+01 2.90819e+01 2.83858e+01 1.68645e+01 1.51761e+01 1.19388e+01 8.49459e+00 6.68465e+00 5.46471e+00 4.10000e+00 3.33268e+00 2.44206e+00 2.24371e+00 1.62466e+00 9.23164e-01 1.08143e+00 1.25717e+00
1.61435e+02 1.27763e+02 1.09199e+02 8.36404e+01 6.93915e+01 4.47941e+01 2.94735e+01 2.46772e+01 1.68645e+01 1.88365e+01 1.35357e+01 1.02548e+01 7.81530e+00 6.31728e+00 5.17123e+00 4.06179e+00 3.40691e+00 2.59826e+00 2.23367e+00 1.65064e+00 1.04531e+00 9.27679e-01 9.24789e-01
1.11464e+02 1.02727e+02 1.08015e+02 7.11339e+01 5.98921e+01 3.75232e+01 2.58459e+01 2.30848e+01 1.51761e+01 1.35357e+01 1.43047e+01 9.33820e+00 7.13356e+00 5.52760e+00 4.60433e+00 3.42063e+00 2.83795e+00 2.11869e+00 1.82460e+00 1.24964e+00 7.21937e-01 5.92895e-01 6.92040e-01
9.90011e+01 7.71633e+01 7.39956e+01 4.74108e+01 4.73560e+01 2.77899e+01 1.95084e+01 1.59672e+01 1.19388e+01 1.02548e+01 9.33820e+00 8.40453e+00 5.28803e+00 4.39102e+00 3.70129e+00 2.78416e+00 2.27288e+00 1.72108e+00 1.49370e+00 1.03774e+00 6.70858e-01 5.56815e-01 6.51169e-01
7.92160e+01 5.74371e+01 5.73112e+01 4.01855e+01 3.62757e+01 2.39306e+01 1.56118e+01 1.24306e+01 8.49459e+00 7.81530e+00 7.13356e+00 5.28803e+00 5.08283e+00 3.70692e+00 3.05030e+00 2.30020e+00 1.90812e+00 1.48344e+00 1.27126e+00 1.01456e+00 6.95969e-01 6.12503e-01 6.22376e-01
5.36936e+01 4.95784e+01 4.08883e+01 2.99923e+01 2.72880e+01 1.74232e+01 1.27866e+01 9.66212e+00 6.68465e+00 6.31728e+00 5.52760e+00 4.39102e+00 3.70692e+00 3.55412e+00 2.71945e+00 2.07922e+00 1.74627e+00 1.39037e+00 1.20906e+00 9.09498e-01 7.15211e-01 6.15702e-01 6.05115e-01
3.75726e+01 4.14125e+01 3.54285e+01 2.36665e+01 2.23707e+01 1.45138e+01 9.13879e+00 8.17805e+00 5.46471e+00 5.17123e+00 4.60433e+00 3.70129e+00 3.05030e+00 2.71945e+00 2.65313e+00 1.91520e+00 1.65177e+00 1.32386e+00 1.20876e+00 9.33406e-01 7.05291e-01 5.73783e-01 5.55039e-01
3.50811e+01 3.23355e+01 2.80779e+01 1.74315e+01 1.63961e+01 1.06592e+01 7.68925e+00 5.77499e+00 4.10000e+00 4.06179e+00 3.42063e+00 2.78416e+00 2.30020e+00 2.07922e+00 1.91520e+00 1.72228e+00 1.43411e+00 1.15472e+00 1.03085e+00 7.88042e-01 5.97413e-01 4.97064e-01 4.58931e-01
2.47910e+01 2.32504e+01 2.28696e+01 1.34605e+01 1.17745e+01 8.74845e+00 6.16027e+00 4.58689e+00 3.33268e+00 3.40691e+00 2.83795e+00 2.27288e+00 1.90812e+00 1.74627e+00 1.65177e+00 1.43411e+00 1.42194e+00 1.10061e+00 9.79000e-01 7.63990e-01 5.71589e-01 4.73058e-01 4.36844e-01
1.57650e+01 1.73861e+01 1.66888e+01 1.06225e+01 9.04127e+00 6.10757e+00 4.22127e+00 3.37293e+00 2.44206e+00 2.59826e+00 2.11869e+00 1.72108e+00 1.48344e+00 1.39037e+00 1.32386e+00 1.15472e+00 1.10061e+00 9.85116e-01 8.70054e-01 7.07707e-01 5.72072e-01 4.96238e-01 4.43469e-01
1.38577e+01 1.35465e+01 1.43819e+01 9.45955e+00 8.10701e+00 5.34521e+00 3.44872e+00 2.74498e+00 2.24371e+00 2.23367e+00 1.82460e+00 1.49370e+00 1.27126e+00 1.20906e+00 1.20876e+00 1.03085e+00 9.79000e-01 8.70054e-01 8.86329e-01 7.07793e-01 5.65713e-01 4.90567e-01 4.49082e-01
8.96888e+00 1.10038e+01 1.04568e+01 6.02572e+00 4.99877e+00 3.90405e+00 2.01239e+00 1.96264e+00 1.62466e+00 1.65064e+00 1.24964e+00 1.03774e+00 1.01456e+00 9.09498e-01 9.33406e-01 7.88042e-01 7.63990e-01 7.07707e-01 7.07793e-01 6.77330e-01 5.48223e-01 4.83207e-01 4.35595e-01
7.56694e+00 9.08507e+00 5.30775e+00 3.54861e+00 3.42377e+00 2.48923e+00 1.44363e+00 1.02337e+00 9.23164e-01 1.04531e+00 7.21937e-01 6.70858e-01 6.95969e-01 7.15211e-01 7.05291e-01 5.97413e-01 5.71589e-01 5.72072e-01 5.65713e-01 5.48223e-01 5.42875e-01 4.84548e-01 4.30076e-01
7.01089e+00 7.34949e+00 4.76952e+00 3.06037e+00 2.82337e+00 2.49704e+00 1.35982e+00 8.06346e-01 1.08143e+00 9.27679e-01 5.92895e-01 5.56815e-01 6.12503e-01 6.15702e-01 5.73783e-01 4.97064e-01 4.73058e-01 4.96238e-01 4.90567e-01 4.83207e-01 4.84548e-01 5.41873e-01 4.88170e-01
1.03784e+01 7.50116e+00 5.95012e+00 3.18156e+00 3.19532e+00 2.66247e+00 1.30647e+00 1.10245e+00 1.25717e+00 9.24789e-01 6.92040e-01 6.51169e-01 6.22376e-01 6.05115e-01 5.55039e-01 4.58931e-01 4.36844e-01 4.43469e-01 4.49082e-01 4.35595e-01 4.30076e-01 4.88170e-01 5.11813e-01
