5.67884e+03 7.55816e+02 4.30306e+02 7.56209e+02 5.72412e+02 3.46879e+02 2.35759e+02 2.00737e+02 1.00952e+02 1.09755e+02 6.61953e+01 6.67224e+01 4.67635e+01 3.44026e+01 3.12135e+01 1.25954e+01 1.19251e+01 9.33542e+00 -3.65977e-02 -6.46817e-01 -3.95050e+00 -3.38279e+00 -2.45333e+00
7.55816e+02 2.38998e+03 5.20825e+02 5.06319e+02 3.82252e+02 2.66472e+02 2.02143e+02 1.68124e+02 1.02482e+02 7.73758e+01 6.94117e+01 6.98530e+01 4.47053e+01 3.97962e+01 2.26868e+01 2.45908e+01 1.83091e+01 1.51489e+01 1.22413e+01 1.19350e+01 8.30781e+00 7.17419e+00 6.05544e+00
4.30306e+02 5.20825e+02 9.64606e+02 2.23898e+02 2.29144e+02 1.78515e+02 8.79273e+01 7.78714e+01 5.18578e+01 3.97330e+01 3.76064e+01 2.81277e+01 2.71694e+01 2.36195e+01 1.25270e+01 1.13013e+01 7.74574e+00 6.93913e+00 4.36883e+00 3.03041e+00 4.25610e-01 7.11183e-01 8.63323e-01
7.56209e+02 5.06319e+02 2.23898e+02 7.37659e+02 2.39833e+02 1.83887e+02 1.28584e+02 8.66025e+01 8.06793e+01 5.57387e+01 4.78559e+01 4.25888e+01 3.45591e+01 2.48593e+01 1.70540e+01 1.32122e+01 9.46485e+00 7.00029e+00 4.33784e+00 3.15824e+00 3.40506e-01 1.81226e+00 1.33744e+00
5.72412e+02 3.82252e+02 2.29144e+02 2.39833e+02 3.83525e+02 1.42999e+02 1.01835e+02 7.14965e+01 5.69726e+01 4.83027e+01 3.96839e+01 3.14859e+01 2.62946e+01 2.05210e+01 1.41815e+01 1.10844e+01 8.65278e+00 7.49938e+00 5.73716e+00 4.92855e+00 3.75902e+00 3.48426e+00 3.49449e+00
3.46879e+02 2.66472e+02 1.78515e+02 1.83887e+02 1.42999e+02 1.46978e+02 6.46751e+01 4.63297e+01 3.56157e+01 2.76613e+01 2.44490e+01 2.02634e+01 1.68969e+01 1.26452e+01 8.49128e+00 6.58453e+00 5.26415e+00 4.07325e+00 2.79877e+00 2.05392e+00 8.84052e-01 6.65099e-01 9.25407e-01
2.35759e+02 2.02143e+02 8.79273e+01 1.28584e+02 1.01835e+02 6.46751e+01 9.24709e+01 3.63025e+01 3.05965e+01 2.34409e+01 2.08205e+01 1.59631e+01 1.33807e+01 1.03481e+01 8.15218e+00 6.29920e+00 5.28347e+00 4.82669e+00 3.91514e+00 3.00563e+00 1.88012e+00 1.78005e+00 1.54019e+00
2.00737e+02 1.68124e+02 7.78714e+01 8.66025e+01 7.14965e+01 4.63297e+01 3.63025e+01 4.22642e+01 1.85868e+01 1.63114e+01 1.32596e+01 1.14300e+01 9.24396e+00 7.48726e+00 5.62858e+00 4.36546e+00 3.42788e+00 2.80074e+00 2.22369e+00 1.63219e+00 8.95235e-01 9.00819e-01 8.96774e-01
1.00952e+02 1.02482e+02 5.18578e+01 8.06793e+01 5.69726e+01 3.56157e+01 3.05965e+01 1.85868e+01 2.67813e+01 1.29576e+01 1.16666e+01 9.15719e+00 7.34967e+00 5.93394e+00 4.21161e+00 3.10398e+00 2.23010e+00 1.84363e+00 1.58491e+00 1.25429e+00 7.59378e-01 7.88294e-01 8.49914e-01
1.09755e+02 7.73758e+01 3.97330e+01 5.57387e+01 4.83027e+01 2.76613e+01 2.34409e+01 1.63114e+01 1.29576e+01 1.45743e+01 9.28485e+00 7.53440e+00 6.24008e+00 4.99333e+00 3.49296e+00 2.64575e+00 2.21565e+00 1.78254e+00 1.31129e+00 1.11251e+00 6.82705e-01 6.80436e-01 6.69815e-01
6.61953e+01 6.94117e+01 3.76064e+01 4.78559e+01 3.96839e+01 2.44490e+01 2.08205e+01 1.32596e+01 1.16666e+01 9.28485e+00 1.02993e+01 6.82723e+00 5.64718e+00 4.61652e+00 3.25012e+00 2.60341e+00 2.14598e+00 1.90086e+00 1.51240e+00 1.27011e+00 8.65903e-01 8.11602e-01 7.90506e-01
6.67224e+01 6.98530e+01 2.81277e+01 4.25888e+01 3.14859e+01 2.02634e+01 1.59631e+01 1.14300e+01 9.15719e+00 7.53440e+00 6.82723e+00 6.86049e+00 4.89891e+00 3.80448e+00 2.64708e+00 2.22266e+00 1.91166e+00 1.57605e+00 1.19165e+00 1.06512e+00 6.80648e-01 6.60622e-01 6.25701e-01
4.67635e+01 4.47053e+01 2.71694e+01 3.45591e+01 2.62946e+01 1.68969e+01 1.33807e+01 9.24396e+00 7.34967e+00 6.24008e+00 5.64718e+00 4.89891e+00 4.73139e+00 3.36203e+00 2.48900e+00 1.99544e+00 1.64440e+00 1.37207e+00 1.06750e+00 8.77256e-01 5.39567e-01 5.79619e-01 5.33080e-01
3.44026e+01 3.97962e+01 2.36195e+01 2.48593e+01 2.05210e+01 1.26452e+01 1.03481e+01 7.48726e+00 5.93394e+00 4.99333e+00 4.61652e+00 3.80448e+00 3.36203e+00 3.15438e+00 2.20220e+00 1.80986e+00 1.43297e+00 1.20381e+00 9.40542e-01 7.91337e-01 5.61543e-01 5.80911e-01 5.24053e-01
3.12135e+01 2.26868e+01 1.25270e+01 1.70540e+01 1.41815e+01 8.49128e+00 8.15218e+00 5.62858e+00 4.21161e+00 3.49296e+00 3.25012e+00 2.64708e+00 2.48900e+00 2.20220e+00 2.04088e+00 1.54517e+00 1.20030e+00 1.06320e+00 9.09760e-01 7.33201e-01 5.06058e-01 4.93270e-01 4.33193e-01
1.25954e+01 2.45908e+01 1.13013e+01 1.32122e+01 1.10844e+01 6.58453e+00 6.29920e+00 4.36546e+00 3.10398e+00 2.64575e+00 2.60341e+00 2.22266e+00 1.99544e+00 1.80986e+00 1.54517e+00 1.56255e+00 1.19495e+00 1.01997e+00 8.85518e-01 7.36749e-01 5.73285e-01 5.01845e-01 4.38477e-01
1.19251e+01 1.83091e+01 7.74574e+00 9.46485e+00 8.65278e+00 5.26415e+00 5.28347e+00 3.42788e+00 2.23010e+00 2.21565e+00 2.14598e+00 1.91166e+00 1.64440e+00 1.43297e+00 1.20030e+00 1.19495e+00 1.11959e+00 9.26960e-01 7.75268e-01 6.49994e-01 5.16021e-01 4.63321e-01 4.30145e-01
9.33542e+00 1.51489e+01 6.93913e+00 7.00029e+00 7.49938e+00 4.07325e+00 4.82669e+00 2.80074e+00 1.84363e+00 1.78254e+00 1.90086e+00 1.57605e+00 1.37207e+00 1.20381e+00 1.06320e+00 1.01997e+00 9.26960e-01 9.15222e-01 7.78333e-01 6.66300e-01 5.39666e-01 4.66353e-01 4.17975e-01
-3.65977e-02 1.22413e+01 4.36883e+00 4.33784e+00 5.73716e+00 2.79877e+00 3.91514e+00 2.22369e+00 1.58491e+00 1.31129e+00 1.51240e+00 1.19165e+00 1.06750e+00 9.40542e-01 9.09760e-01 8.85518e-01 7.75268e-01 7.78333e-01 7.55210e-01 6.47095e-01 5.24599e-01 4.43172e-01 3.90046e-01
-6.46817e-01 1.19350e+01 3.03041e+00 3.15824e+00 4.92855e+00 2.05392e+00 3.00563e+00 1.63219e+00 1.25429e+00 1.11251e+00 1.27011e+00 1.06512e+00 8.77256e-01 7.91337e-01 7.33201e-01 7.36749e-01 6.49994e-01 6.66300e-01 6.47095e-01 6.44865e-01 5.41079e-01 4.77491e-01 4.22862e-01
-3.95050e+00 8.30781e+00 4.25610e-01 3.40506e-01 3.75902e+00 8.84052e-01 1.88012e+00 8.95235e-01 7.59378e-01 6.82705e-01 8.65903e-01 6.80648e-01 5.39567e-01 5.61543e-01 5.06058e-01 5.73285e-01 5.16021e-01 5.39666e-01 5.24599e-01 5.41079e-01 5.49031e-01 4.74677e-01 4.22795e-01
-3.38279e+00 7.17419e+00 7.11183e-01 1.81226e+00 3.48426e+00 6.65099e-01 1.78005e+00 9.00819e-01 7.88294e-01 6.80436e-01 8.11602e-01 6.60622e-01 5.79619e-01 5.80911e-01 4.93270e-01 5.01845e-01 4.63321e-01 4.66353e-01 4.43172e-01 4.77491e-01 4.74677e-01 5.09453e-01 4.72492e-01
-2.45333e+00 6.05544e+00 8.63323e-01 1.33744e+00 3.49449e+00 9.25407e-01 1.54019e+00 8.96774e-01 8.49914e-01 6.69815e-01 7.90506e-01 6.25701e-01 5.33080e-01 5.24053e-01 4.33193e-01 4.38477e-01 4.30145e-01 4.17975e-01 3.90046e-01 4.22862e-01 4.22795e-01 4.72492e-01 5.11707e-01
