1.66066e+00 1.32067e-01 -2.47100e-02 -7.13161e-02 -3.06899e-02 2.35223e-02 4.43165e-02 -5.98555e-02 -3.17259e-03 -2.44843e-02 -2.24005e-02 -1.37213e-03 7.36750e-03 1.15360e-02 -4.81935e-03 2.01137e-03 7.76552e-04 3.61912e-03 -1.12290e-03 9.00783e-04 8.30908e-04 -7.56354e-04 -1.25848e-03
1.32067e-01 9.97601e-01 -2.53886e-02 -5.87627e-02 -7.34645e-02 1.76930e-04 6.49893e-02 -5.25811e-02 -3.54663e-03 3.31464e-02 -1.40249e-02 -3.34881e-03 -1.20306e-02 9.67805e-04 -5.70189e-03 -2.97535e-03 2.57713e-03 -3.36453e-04 8.43591e-04 -1.80698e-04 -1.06283e-03 2.13102e-04 -1.00660e-03
-2.47100e-02 -2.53886e-02 5.39468e-01 1.76379e-02 9.91960e-02 1.80899e-02 3.41714e-02 1.48408e-02 -4.64597e-03 -1.23369e-02 1.78629e-02 -1.74769e-03 -4.36446e-03 -4.22209e-03 -3.46557e-03 2.16090e-03 2.38312e-03 2.52266e-03 1.81690e-03 4.22015e-04 2.19024e-04 -2.03221e-04 6.56665e-04
-7.13161e-02 -5.87627e-02 1.76379e-02 3.22007e-01 -3.18866e-02 -3.34229e-02 -1.35048e-02 1.76157e-02 4.18175e-05 1.52407e-02 9.95597e-03 -1.29562e-03 -9.83628e-04 1.73578e-03 3.43708e-03 4.97434e-04 1.31025e-03 2.12205e-04 -1.17282e-03 -2.21280e-03 -1.84256e-03 -2.51220e-04 4.45522e-04
-3.06899e-02 -7.34645e-02 9.91960e-02 -3.18866e-02 2.35127e-01 2.06214e-02 -4.63290e-03 7.16690e-03 -1.08801e-02 -3.02765e-03 6.27068e-03 -1.01160e-03 6.82505e-05 -2.95034e-03 -3.11285e-03 1.13506e-04 1.93412e-03 5.17922e-04 -6.91803e-04 -3.15739e-04 -7.16358e-04 -1.28192e-03 -5.38212e-04
2.35223e-02 1.76930e-04 1.80899e-02 -3.34229e-02 2.06214e-02 1.07993e-01 -5.88530e-03 4.21940e-03 -4.40402e-03 -2.84750e-03 -2.94296e-03 1.65500e-03 -1.44074e-03 -1.75546e-03 -1.01059e-03 -3.73735e-04 2.30518e-04 2.11677e-04 1.22390e-04 8.89059e-05 4.37849e-04 9.79607e-06 -1.86098e-04
4.43165e-02 6.49893e-02 3.41714e-02 -1.35048e-02 -4.63290e-03 -5.88530e-03 8.36758e-02 -1.35325e-03 8.88871e-04 -3.41365e-04 1.22580e-03 -7.31609e-07 7.79376e-05 7.75194e-04 -1.53496e-03 1.07758e-04 5.87087e-04 1.23278e-04 -2.23213e-04 -4.15993e-05 2.12651e-05 2.49361e-05 -5.25504e-04
-5.98555e-02 -5.25811e-02 1.48408e-02 1.76157e-02 7.16690e-03 4.21940e-03 -1.35325e-03 7.88556e-02 -2.07822e-03 -3.67986e-05 1.43285e-03 3.44718e-03 2.80911e-03 1.59345e-03 1.11995e-03 6.10892e-04 7.28275e-04 -6.55502e-04 6.01243e-04 2.03402e-05 2.42954e-04 6.20909e-04 1.41191e-04
-3.17259e-03 -3.54663e-03 -4.64597e-03 4.18175e-05 -1.08801e-02 -4.40402e-03 8.88871e-04 -2.07822e-03 4.30572e-02 2.17373e-03 -2.28806e-03 2.07495e-03 -4.69262e-04 3.27591e-04 3.29740e-04 9.58705e-04 -1.71976e-05 5.78117e-04 3.37064e-04 3.40519e-04 4.66996e-04 4.69922e-04 2.02694e-04
-2.44843e-02 3.31464e-02 -1.23369e-02 1.52407e-02 -3.02765e-03 -2.84750e-03 -3.41365e-04 -3.67986e-05 2.17373e-03 1.58703e-02 -1.36531e-03 2.37424e-03 2.34752e-04 3.83930e-05 3.10558e-04 -5.57838e-04 -1.49769e-04 -1.63401e-04 -1.85374e-05 -2.64577e-04 -2.81168e-04 1.87494e-05 -1.67033e-05
-2.24005e-02 -1.40249e-02 1.78629e-02 9.95597e-03 6.27068e-03 -2.94296e-03 1.22580e-03 1.43285e-03 -2.28806e-03 -1.36531e-03 1.34932e-02 9.42872e-04 -2.37654e-04 -1.38042e-03 -1.87175e-04 -2.97420e-04 4.84289e-04 1.18730e-04 -1.00158e-04 -6.25312e-05 2.32556e-05 -9.84982e-05 -3.30143e-06
-1.37213e-03 -3.34881e-03 -1.74769e-03 -1.29562e-03 -1.01160e-03 1.65500e-03 -7.31609e-07 3.44718e-03 2.07495e-03 2.37424e-03 9.42872e-04 6.56790e-03 5.79636e-04 8.52537e-05 6.90642e-04 1.76720e-04 -2.76211e-05 1.11198e-04 1.05776e-04 1.30665e-04 -7.40757e-05 6.39422e-05 -3.38983e-05
7.36750e-03 -1.20306e-02 -4.36446e-03 -9.83628e-04 6.82505e-05 -1.44074e-03 7.79376e-05 2.80911e-03 -4.69262e-04 2.34752e-04 -2.37654e-04 5.79636e-04 3.26104e-03 2.47846e-04 -1.22185e-04 1.70213e-04 1.17528e-04 6.83367e-05 2.24490e-04 7.07434e-05 -1.04285e-06 -1.54884e-05 -3.75138e-05
1.15360e-02 9.67805e-04 -4.22209e-03 1.73578e-03 -2.95034e-03 -1.75546e-03 7.75194e-04 1.59345e-03 3.27591e-04 3.83930e-05 -1.38042e-03 8.52537e-05 2.47846e-04 1.49595e-03 1.52747e-04 1.99603e-04 9.40652e-06 2.32419e-05 5.05846e-05 7.00941e-05 2.35467e-05 2.58918e-05 -1.70549e-05
-4.81935e-03 -5.70189e-03 -3.46557e-03 3.43708e-03 -3.11285e-03 -1.01059e-03 -1.53496e-03 1.11995e-03 3.29740e-04 3.10558e-04 -1.87175e-04 6.90642e-04 -1.22185e-04 1.52747e-04 1.01569e-03 2.69886e-04 -2.82403e-05 -3.14681e-05 -4.04772e-05 -3.10056e-05 -2.75285e-05 8.22316e-05 2.83025e-05
2.01137e-03 -2.97535e-03 2.16090e-03 4.97434e-04 1.13506e-04 -3.73735e-04 1.07758e-04 6.10892e-04 9.58705e-04 -5.57838e-04 -2.97420e-04 1.76720e-04 1.70213e-04 1.99603e-04 2.69886e-04 6.65338e-04 1.41698e-04 -1.17807e-05 -4.37597e-05 -2.84653e-06 4.13487e-06 3.21194e-05 4.57046e-06
7.76552e-04 2.57713e-03 2.38312e-03 1.31025e-03 1.93412e-03 2.30518e-04 5.87087e-04 7.28275e-04 -1.71976e-05 -1.49769e-04 4.84289e-04 -2.76211e-05 1.17528e-04 9.40652e-06 -2.82403e-05 1.41698e-04 4.40545e-04 9.71974e-05 4.29981e-05 1.77364e-05 1.10858e-05 -3.00877e-05 -3.10143e-05
3.61912e-03 -3.36453e-04 2.52266e-03 2.12205e-04 5.17922e-04 2.11677e-04 1.23278e-04 -6.55502e-04 5.78117e-04 -1.63401e-04 1.18730e-04 1.11198e-04 6.83367e-05 2.32419e-05 -3.14681e-05 -1.17807e-05 9.71974e-05 3.50668e-04 1.10048e-04 2.53605e-05 1.21000e-05 -4.79798e-06 -7.46965e-06
-1.12290e-03 8.43591e-04 1.81690e-03 -1.17282e-03 -6.91803e-04 1.22390e-04 -2.23213e-04 6.01243e-04 3.37064e-04 -1.85374e-05 -1.00158e-04 1.05776e-04 2.24490e-04 5.05846e-05 -4.04772e-05 -4.37597e-05 4.29981e-05 1.10048e-04 2.50010e-04 1.01523e-04 5.25108e-05 2.44770e-05 1.52260e-05
9.00783e-04 -1.80698e-04 4.22015e-04 -2.21280e-03 -3.15739e-04 8.89059e-05 -4.15993e-05 2.03402e-05 3.40519e-04 -2.64577e-04 -6.25312e-05 1.30665e-04 7.07434e-05 7.00941e-05 -3.10056e-05 -2.84653e-06 1.77364e-05 2.53605e-05 1.01523e-04 1.73067e-04 8.26597e-05 1.61875e-05 8.30143e-06
8.30908e-04 -1.06283e-03 2.19024e-04 -1.84256e-03 -7.16358e-04 4.37849e-04 2.12651e-05 2.42954e-04 4.66996e-04 -2.81168e-04 2.32556e-05 -7.40757e-05 -1.04285e-06 2.35467e-05 -2.75285e-05 4.13487e-06 1.10858e-05 1.21000e-05 5.25108e-05 8.26597e-05 1.39908e-04 5.75913e-05 2.97850e-05
-7.56354e-04 2.13102e-04 -2.03221e-04 -2.51220e-04 -1.28192e-03 9.79607e-06 2.49361e-05 6.20909e-04 4.69922e-04 1.87494e-05 -9.84982e-05 6.39422e-05 -1.54884e-05 2.58918e-05 8.22316e-05 3.21194e-05 -3.00877e-05 -4.79798e-06 2.44770e-05 1.61875e-05 5.75913e-05 1.04665e-04 3.89883e-05
-1.25848e-03 -1.00660e-03 6.56665e-04 4.45522e-04 -5.38212e-04 -1.86098e-04 -5.25504e-04 1.41191e-04 2.02694e-04 -1.67033e-05 -3.30143e-06 -3.38983e-05 -3.75138e-05 -1.70549e-05 2.83025e-05 4.57046e-06 -3.10143e-05 -7.46965e-06 1.52260e-05 8.30143e-06 2.97850e-05 3.89883e-05 7.27454e-05
