8.60770e+01 -2.26122e+00 6.21820e+00 5.93302e+00 5.51702e-01 6.73728e-01 8.57142e-01 -3.78254e-01 -1.84136e-01 -1.56076e-01 -4.67719e-02 1.44846e-01 6.01392e-02 1.80212e-01 2.92400e-02 2.28315e-02 6.29865e-03 -4.10559e-02 -3.93797e-03 1.82705e-02 3.62435e-02 2.05680e-02 -4.28087e-03
-2.26122e+00 3.08753e+01 7.21249e-01 1.93414e+00 1.48951e+00 1.54011e+00 6.32382e-01 2.32657e-01 3.46612e-01 1.75435e-01 2.15612e-01 1.53952e-01 8.70632e-03 7.56174e-02 5.98436e-02 8.21707e-02 -8.28262e-03 2.04509e-02 5.39074e-03 1.05973e-02 2.65436e-02 2.76704e-02 1.98836e-02
6.21820e+00 7.21249e-01 9.51898e+00 2.30654e+00 -5.39935e-01 -2.91407e-01 1.92760e-01 -1.10498e-02 -8.51708e-02 1.53934e-01 8.90557e-02 7.57667e-03 5.82991e-02 1.31809e-02 8.74867e-03 6.70038e-03 -9.10080e-04 -8.58871e-03 -1.30755e-02 -4.44118e-03 3.28338e-03 2.06310e-03 3.67557e-03
5.93302e+00 1.93414e+00 2.30654e+00 6.77925e+00 -6.41457e-01 1.97941e-01 2.82062e-01 5.94535e-02 1.42774e-01 7.06523e-02 1.02865e-02 4.77639e-02 1.73976e-02 3.10277e-02 -3.61342e-03 7.41525e-03 1.43261e-02 -4.21765e-03 -1.03301e-02 -2.76736e-03 1.00836e-02 6.33665e-03 3.13784e-03
5.51702e-01 1.48951e+00 -5.39935e-01 -6.41457e-01 2.42133e+00 2.94748e-01 1.29144e-01 5.60710e-02 2.59619e-03 8.11534e-02 -2.95196e-02 4.60363e-03 9.69023e-04 1.49570e-02 7.17547e-03 3.48767e-03 1.16410e-02 -2.89535e-03 2.51407e-03 5.41550e-03 5.44363e-03 3.45065e-03 -1.03948e-03
6.73728e-01 1.54011e+00 -2.91407e-01 1.97941e-01 2.94748e-01 1.24356e+00 1.44099e-01 1.19906e-02 -6.35619e-02 5.01834e-03 2.41932e-02 2.54375e-03 4.22368e-03 1.42363e-02 1.23248e-02 9.30368e-03 8.93842e-03 9.08701e-03 5.77953e-03 1.91073e-03 3.26553e-03 6.65741e-03 3.08605e-03
8.57142e-01 6.32382e-01 1.92760e-01 2.82062e-01 1.29144e-01 1.44099e-01 6.12660e-01 3.34403e-02 -8.88460e-03 5.98673e-03 2.44764e-02 1.29452e-02 7.80960e-03 9.15587e-03 -5.27311e-03 2.76573e-03 -3.33075e-04 1.88256e-03 1.68221e-03 2.57002e-03 9.10247e-04 -3.20411e-04 1.08510e-03
-3.78254e-01 2.32657e-01 -1.10498e-02 5.94535e-02 5.60710e-02 1.19906e-02 3.34403e-02 2.42320e-01 1.15943e-02 1.92247e-02 -1.43558e-02 4.59065e-03 2.63360e-03 3.40715e-03 5.39575e-03 4.04179e-03 2.16216e-03 1.47885e-03 -3.46377e-04 -1.18317e-03 1.12818e-03 1.01743e-03 1.23239e-03
-1.84136e-01 3.46612e-01 -8.51708e-02 1.42774e-01 2.59619e-03 -6.35619e-02 -8.88460e-03 1.15943e-02 1.16555e-01 1.07025e-02 5.42102e-03 1.99271e-03 -1.61391e-03 -6.31179e-04 1.17662e-03 5.29398e-04 -6.72638e-04 9.77975e-04 7.52553e-04 1.29729e-03 1.11614e-03 2.64361e-04 9.11862e-04
-1.56076e-01 1.75435e-01 1.53934e-01 7.06523e-02 8.11534e-02 5.01834e-03 5.98673e-03 1.92247e-02 1.07025e-02 6.04795e-02 1.36682e-03 1.36946e-03 -2.40097e-03 -5.84075e-04 1.64168e-03 1.39074e-03 1.91381e-03 6.92437e-04 1.47396e-03 4.52649e-04 2.28276e-04 1.69882e-04 1.09522e-04
-4.67719e-02 2.15612e-01 8.90557e-02 1.02865e-02 -2.95196e-02 2.41932e-02 2.44764e-02 -1.43558e-02 5.42102e-03 1.36682e-03 3.06826e-02 3.86491e-03 2.14808e-03 -5.85988e-04 5.02421e-05 7.08787e-04 -5.76654e-04 4.95767e-04 9.23684e-04 3.80664e-04 5.04541e-04 2.20286e-04 -1.80349e-04
1.44846e-01 1.53952e-01 7.57667e-03 4.77639e-02 4.60363e-03 2.54375e-03 1.29452e-02 4.59065e-03 1.99271e-03 1.36946e-03 3.86491e-03 1.64348e-02 1.92061e-03 1.81394e-03 -3.34046e-05 1.94726e-03 3.71791e-04 2.85284e-04 6.15064e-04 5.99140e-04 6.42043e-06 1.90435e-04 1.05538e-04
6.01392e-02 8.70632e-03 5.82991e-02 1.73976e-02 9.69023e-04 4.22368e-03 7.80960e-03 2.63360e-03 -1.61391e-03 -2.40097e-03 2.14808e-03 1.92061e-03 9.15929e-03 3.03970e-03 1.06986e-03 3.84745e-05 1.11473e-04 3.34706e-05 1.06599e-04 1.36529e-04 3.94211e-04 1.90198e-04 -1.05679e-04
1.80212e-01 7.56174e-02 1.31809e-02 3.10277e-02 1.49570e-02 1.42363e-02 9.15587e-03 3.40715e-03 -6.31179e-04 -5.84075e-04 -5.85988e-04 1.81394e-03 3.03970e-03 5.97443e-03 1.04426e-03 8.42023e-04 -6.38635e-06 -6.75942e-05 3.00141e-04 1.82798e-04 2.89888e-04 3.46991e-04 -1.03603e-04
2.92400e-02 5.98436e-02 8.74867e-03 -3.61342e-03 7.17547e-03 1.23248e-02 -5.27311e-03 5.39575e-03 1.17662e-03 1.64168e-03 5.02421e-05 -3.34046e-05 1.06986e-03 1.04426e-03 3.38524e-03 6.12667e-04 4.05293e-05 1.09651e-04 3.29922e-04 4.30729e-05 1.87608e-04 1.57690e-04 -5.51045e-05
2.28315e-02 8.21707e-02 6.70038e-03 7.41525e-03 3.48767e-03 9.30368e-03 2.76573e-03 4.04179e-03 5.29398e-04 1.39074e-03 7.08787e-04 1.94726e-03 3.84745e-05 8.42023e-04 6.12667e-04 2.61108e-03 5.34078e-04 2.00570e-04 2.90223e-04 1.22534e-04 1.50197e-04 1.41116e-04 5.86065e-05
6.29865e-03 -8.28262e-03 -9.10080e-04 1.43261e-02 1.16410e-02 8.93842e-03 -3.33075e-04 2.16216e-03 -6.72638e-04 1.91381e-03 -5.76654e-04 3.71791e-04 1.11473e-04 -6.38635e-06 4.05293e-05 5.34078e-04 1.37180e-03 1.83432e-04 8.79129e-06 -6.29562e-05 -3.26581e-05 6.59030e-05 -1.68040e-05
-4.10559e-02 2.04509e-02 -8.58871e-03 -4.21765e-03 -2.89535e-03 9.08701e-03 1.88256e-03 1.47885e-03 9.77975e-04 6.92437e-04 4.95767e-04 2.85284e-04 3.34706e-05 -6.75942e-05 1.09651e-04 2.00570e-04 1.83432e-04 1.01005e-03 2.75812e-04 1.86442e-04 -1.40710e-05 -4.12782e-06 1.27397e-04
-3.93797e-03 5.39074e-03 -1.30755e-02 -1.03301e-02 2.51407e-03 5.77953e-03 1.68221e-03 -3.46377e-04 7.52553e-04 1.47396e-03 9.23684e-04 6.15064e-04 1.06599e-04 3.00141e-04 3.29922e-04 2.90223e-04 8.79129e-06 2.75812e-04 7.14801e-04 2.41281e-04 1.83635e-05 2.28630e-05 -2.93311e-05
1.82705e-02 1.05973e-02 -4.44118e-03 -2.76736e-03 5.41550e-03 1.91073e-03 2.57002e-03 -1.18317e-03 1.29729e-03 4.52649e-04 3.80664e-04 5.99140e-04 1.36529e-04 1.82798e-04 4.30729e-05 1.22534e-04 -6.29562e-05 1.86442e-04 2.41281e-04 4.43440e-04 9.59308e-05 -2.98360e-06 5.10677e-05
3.62435e-02 2.65436e-02 3.28338e-03 1.00836e-02 5.44363e-03 3.26553e-03 9.10247e-04 1.12818e-03 1.11614e-03 2.28276e-04 5.04541e-04 6.42043e-06 3.94211e-04 2.89888e-04 1.87608e-04 1.50197e-04 -3.26581e-05 -1.40710e-05 1.83635e-05 9.59308e-05 3.56433e-04 1.88656e-04 3.38519e-05
2.05680e-02 2.76704e-02 2.06310e-03 6.33665e-03 3.45065e-03 6.65741e-03 -3.20411e-04 1.01743e-03 2.64361e-04 1.69882e-04 2.20286e-04 1.90435e-04 1.90198e-04 3.46991e-04 1.57690e-04 1.41116e-04 6.59030e-05 -4.12782e-06 2.28630e-05 -2.98360e-06 1.88656e-04 3.16544e-04 6.33723e-05
-4.28087e-03 1.98836e-02 3.67557e-03 3.13784e-03 -1.03948e-03 3.08605e-03 1.08510e-03 1.23239e-03 9.11862e-04 1.09522e-04 -1.80349e-04 1.05538e-04 -1.05679e-04 -1.03603e-04 -5.51045e-05 5.86065e-05 -1.68040e-05 1.27397e-04 -2.93311e-05 5.10677e-05 3.38519e-05 6.33723e-05 1.97313e-04
