1.88048e+04 7.94825e+03 3.60642e+03 3.08193e+03 2.26958e+03 1.81341e+03 8.36607e+02 7.25857e+02 4.13351e+02 3.29196e+02 2.72642e+02 2.05005e+02 1.75074e+02 1.31504e+02 9.14410e+01 5.42483e+01 4.43662e+01 3.33374e+01 2.30498e+01 1.76965e+01 1.09546e+01 1.29804e+01 1.43265e+01
7.94825e+03 9.31318e+03 3.18511e+03 2.89014e+03 2.00260e+03 1.56531e+03 8.39069e+02 6.48521e+02 4.30127e+02 2.87134e+02 2.91365e+02 1.99232e+02 1.74461e+02 1.33833e+02 1.04896e+02 7.78281e+01 6.40649e+01 4.64984e+01 3.69788e+01 2.97159e+01 1.78050e+01 1.72735e+01 1.59242e+01
3.60642e+03 3.18511e+03 2.99337e+03 1.58032e+03 1.07761e+03 8.69227e+02 4.49693e+02 3.58196e+02 2.29205e+02 1.89681e+02 1.60014e+02 1.04564e+02 9.67136e+01 7.50475e+01 5.72326e+01 4.08095e+01 3.04722e+01 2.43952e+01 1.93328e+01 1.44165e+01 8.03855e+00 6.98482e+00 4.65389e+00
3.08193e+03 2.89014e+03 1.58032e+03 1.89116e+03 9.38255e+02 7.04557e+02 3.78966e+02 3.17984e+02 1.92094e+02 1.45297e+02 1.24524e+02 7.93478e+01 7.17356e+01 5.98346e+01 4.31235e+01 3.28653e+01 2.58361e+01 1.74226e+01 1.47193e+01 1.03638e+01 6.33945e+00 5.60901e+00 5.22487e+00
2.26958e+03 2.00260e+03 1.07761e+03 9.38255e+02 9.85390e+02 5.38957e+02 3.10815e+02 2.35729e+02 1.54248e+02 1.03677e+02 8.85033e+01 6.54391e+01 5.84189e+01 4.32463e+01 3.38413e+01 2.52580e+01 1.99010e+01 1.48333e+01 1.35531e+01 1.04873e+01 6.96514e+00 6.29901e+00 4.14865e+00
1.81341e+03 1.56531e+03 8.69227e+02 7.04557e+02 5.38957e+02 5.06175e+02 2.21476e+02 1.69045e+02 1.11210e+02 8.25820e+01 7.16359e+01 5.26663e+01 4.54783e+01 3.49859e+01 2.62229e+01 2.03943e+01 1.66581e+01 1.28006e+01 1.05933e+01 8.30675e+00 4.94128e+00 4.11098e+00 3.60164e+00
8.36607e+02 8.39069e+02 4.49693e+02 3.78966e+02 3.10815e+02 2.21476e+02 1.62995e+02 1.02846e+02 6.78129e+01 4.73673e+01 3.94510e+01 2.97672e+01 2.70423e+01 1.91166e+01 1.59551e+01 1.16022e+01 9.30385e+00 7.03860e+00 5.89227e+00 4.37965e+00 2.51692e+00 2.15875e+00 1.12366e+00
7.25857e+02 6.48521e+02 3.58196e+02 3.17984e+02 2.35729e+02 1.69045e+02 1.02846e+02 9.22149e+01 5.30960e+01 3.77948e+01 3.18148e+01 2.34977e+01 2.00943e+01 1.56495e+01 1.27031e+01 8.77342e+00 7.04820e+00 5.57525e+00 4.57028e+00 3.11225e+00 1.85480e+00 1.53116e+00 1.11426e+00
4.13351e+02 4.30127e+02 2.29205e+02 1.92094e+02 1.54248e+02 1.11210e+02 6.78129e+01 5.30960e+01 4.62996e+01 2.68229e+01 2.20395e+01 1.70095e+01 1.37989e+01 1.02889e+01 8.49804e+00 5.69667e+00 4.78224e+00 3.56933e+00 3.05815e+00 2.13271e+00 1.15536e+00 9.50543e-01 7.16470e-01
3.29196e+02 2.87134e+02 1.89681e+02 1.45297e+02 1.03677e+02 8.25820e+01 4.73673e+01 3.77948e+01 2.68229e+01 2.39368e+01 1.57530e+01 1.24346e+01 1.07352e+01 7.78822e+00 6.15121e+00 4.30155e+00 3.70157e+00 2.81927e+00 2.19029e+00 1.45437e+00 7.94809e-01 7.96091e-01 5.96866e-01
2.72642e+02 2.91365e+02 1.60014e+02 1.24524e+02 8.85033e+01 7.16359e+01 3.94510e+01 3.18148e+01 2.20395e+01 1.57530e+01 1.70349e+01 1.08608e+01 9.14694e+00 7.31348e+00 5.74964e+00 4.36177e+00 3.70520e+00 2.75594e+00 2.27415e+00 1.68155e+00 1.00680e+00 8.40895e-01 7.27968e-01
2.05005e+02 1.99232e+02 1.04564e+02 7.93478e+01 6.54391e+01 5.26663e+01 2.97672e+01 2.34977e+01 1.70095e+01 1.24346e+01 1.08608e+01 9.68985e+00 7.16854e+00 5.52299e+00 4.37586e+00 3.12027e+00 2.63516e+00 2.07419e+00 1.65331e+00 1.26437e+00 6.90417e-01 6.08161e-01 5.85586e-01
1.75074e+02 1.74461e+02 9.67136e+01 7.17356e+01 5.84189e+01 4.54783e+01 2.70423e+01 2.00943e+01 1.37989e+01 1.07352e+01 9.14694e+00 7.16854e+00 6.85180e+00 4.85210e+00 3.93293e+00 2.80020e+00 2.40529e+00 1.89783e+00 1.59091e+00 1.23077e+00 7.06363e-01 7.40372e-01 6.44623e-01
1.31504e+02 1.33833e+02 7.50475e+01 5.98346e+01 4.32463e+01 3.49859e+01 1.91166e+01 1.56495e+01 1.02889e+01 7.78822e+00 7.31348e+00 5.52299e+00 4.85210e+00 4.45984e+00 3.26150e+00 2.45248e+00 2.13189e+00 1.64079e+00 1.39064e+00 1.07308e+00 7.33016e-01 6.92688e-01 5.91146e-01
9.14410e+01 1.04896e+02 5.72326e+01 4.31235e+01 3.38413e+01 2.62229e+01 1.59551e+01 1.27031e+01 8.49804e+00 6.15121e+00 5.74964e+00 4.37586e+00 3.93293e+00 3.26150e+00 3.11296e+00 2.18178e+00 1.90363e+00 1.48401e+00 1.31164e+00 1.01204e+00 6.87933e-01 5.83946e-01 4.37619e-01
5.42483e+01 7.78281e+01 4.08095e+01 3.28653e+01 2.52580e+01 2.03943e+01 1.16022e+01 8.77342e+00 5.69667e+00 4.30155e+00 4.36177e+00 3.12027e+00 2.80020e+00 2.45248e+00 2.18178e+00 1.98249e+00 1.64916e+00 1.31121e+00 1.14355e+00 9.07741e-01 6.43473e-01 5.40906e-01 4.26368e-01
4.43662e+01 6.40649e+01 3.04722e+01 2.58361e+01 1.99010e+01 1.66581e+01 9.30385e+00 7.04820e+00 4.78224e+00 3.70157e+00 3.70520e+00 2.63516e+00 2.40529e+00 2.13189e+00 1.90363e+00 1.64916e+00 1.68771e+00 1.26532e+00 1.10661e+00 8.38241e-01 6.13851e-01 5.32478e-01 4.28203e-01
3.33374e+01 4.64984e+01 2.43952e+01 1.74226e+01 1.48333e+01 1.28006e+01 7.03860e+00 5.57525e+00 3.56933e+00 2.81927e+00 2.75594e+00 2.07419e+00 1.89783e+00 1.64079e+00 1.48401e+00 1.31121e+00 1.26532e+00 1.11715e+00 9.64869e-01 7.62612e-01 5.94264e-01 5.11483e-01 4.16383e-01
2.30498e+01 3.69788e+01 1.93328e+01 1.47193e+01 1.35531e+01 1.05933e+01 5.89227e+00 4.57028e+00 3.05815e+00 2.19029e+00 2.27415e+00 1.65331e+00 1.59091e+00 1.39064e+00 1.31164e+00 1.14355e+00 1.10661e+00 9.64869e-01 9.95503e-01 7.97254e-01 6.43611e-01 5.51606e-01 4.47432e-01
1.76965e+01 2.97159e+01 1.44165e+01 1.03638e+01 1.04873e+01 8.30675e+00 4.37965e+00 3.11225e+00 2.13271e+00 1.45437e+00 1.68155e+00 1.26437e+00 1.23077e+00 1.07308e+00 1.01204e+00 9.07741e-01 8.38241e-01 7.62612e-01 7.97254e-01 7.46421e-01 6.03469e-01 5.29826e-01 4.43521e-01
1.09546e+01 1.78050e+01 8.03855e+00 6.33945e+00 6.96514e+00 4.94128e+00 2.51692e+00 1.85480e+00 1.15536e+00 7.94809e-01 1.00680e+00 6.90417e-01 7.06363e-01 7.33016e-01 6.87933e-01 6.43473e-01 6.13851e-01 5.94264e-01 6.43611e-01 6.03469e-01 6.03884e-01 5.29847e-01 4.40989e-01
1.29804e+01 1.72735e+01 6.98482e+00 5.60901e+00 6.29901e+00 4.11098e+00 2.15875e+00 1.53116e+00 9.50543e-01 7.96091e-01 8.40895e-01 6.08161e-01 7.40372e-01 6.92688e-01 5.83946e-01 5.40906e-01 5.32478e-01 5.11483e-01 5.51606e-01 5.29826e-01 5.29847e-01 5.82723e-01 5.09480e-01
1.43265e+01 1.59242e+01 4.65389e+00 5.22487e+00 4.14865e+00 3.60164e+00 1.12366e+00 1.11426e+00 7.16470e-01 5.96866e-01 7.27968e-01 5.85586e-01 6.44623e-01 5.91146e-01 4.37619e-01 4.26368e-01 4.28203e-01 4.16383e-01 4.47432e-01 4.43521e-01 4.40989e-01 5.09480e-01 5.43848e-01
