7.49739e+03 2.61732e+03 1.39510e+03 1.49698e+03 1.12405e+03 6.81485e+02 4.34657e+02 3.47129e+02 2.89164e+02 2.08776e+02 1.91742e+02 1.26933e+02 1.04369e+02 7.85145e+01 7.01192e+01 4.95274e+01 3.87347e+01 3.13012e+01 2.46382e+01 1.54471e+01 6.89376e+00 9.01227e+00 1.07756e+01
2.61732e+03 5.51130e+03 1.12019e+03 8.59210e+02 7.83107e+02 3.99540e+02 3.21915e+02 2.88474e+02 2.09140e+02 1.77229e+02 1.11410e+02 9.03714e+01 8.09027e+01 6.95241e+01 4.80774e+01 4.31536e+01 2.58198e+01 2.12452e+01 1.93678e+01 1.41305e+01 1.47117e+01 1.25877e+01 1.13661e+01
1.39510e+03 1.12019e+03 1.21974e+03 5.17354e+02 3.91892e+02 2.42384e+02 1.51752e+02 1.37936e+02 9.60551e+01 8.29736e+01 6.31258e+01 4.91184e+01 4.36683e+01 3.35887e+01 2.72459e+01 2.16385e+01 1.56415e+01 1.29722e+01 8.31651e+00 5.69901e+00 2.72777e+00 3.57515e+00 4.48323e+00
1.49698e+03 8.59210e+02 5.17354e+02 1.16510e+03 4.74586e+02 2.92719e+02 1.92420e+02 1.30032e+02 9.40205e+01 9.53958e+01 6.74692e+01 5.29021e+01 4.81466e+01 3.38138e+01 2.54758e+01 1.97660e+01 1.32106e+01 8.96139e+00 7.11472e+00 3.92469e+00 1.29245e+00 3.20506e+00 2.69799e+00
1.12405e+03 7.83107e+02 3.91892e+02 4.74586e+02 5.69170e+02 2.48429e+02 1.51848e+02 1.18137e+02 8.53431e+01 7.17988e+01 5.57449e+01 4.56123e+01 3.93530e+01 3.09066e+01 2.32186e+01 1.86425e+01 1.37081e+01 1.00026e+01 7.96856e+00 5.38458e+00 2.97617e+00 3.81651e+00 3.86317e+00
6.81485e+02 3.99540e+02 2.42384e+02 2.92719e+02 2.48429e+02 2.37661e+02 9.90130e+01 7.31164e+01 6.08159e+01 4.94756e+01 3.60855e+01 2.71089e+01 2.43289e+01 1.65989e+01 1.44284e+01 1.07661e+01 8.28621e+00 6.40955e+00 5.79023e+00 3.76515e+00 1.34145e+00 1.47484e+00 1.77459e+00
4.34657e+02 3.21915e+02 1.51752e+02 1.92420e+02 1.51848e+02 9.90130e+01 1.04886e+02 5.02571e+01 3.55269e+01 3.27396e+01 2.87464e+01 1.93391e+01 1.87161e+01 1.36823e+01 1.10449e+01 8.96165e+00 6.49274e+00 4.76419e+00 4.21139e+00 2.92162e+00 1.53171e+00 1.39303e+00 1.64116e+00
3.47129e+02 2.88474e+02 1.37936e+02 1.30032e+02 1.18137e+02 7.31164e+01 5.02571e+01 5.36490e+01 2.92761e+01 2.44274e+01 2.01192e+01 1.54206e+01 1.32733e+01 9.96039e+00 8.03066e+00 6.31739e+00 4.66791e+00 3.46260e+00 2.87572e+00 1.96045e+00 9.02444e-01 8.73849e-01 1.06295e+00
2.89164e+02 2.09140e+02 9.60551e+01 9.40205e+01 8.53431e+01 6.08159e+01 3.55269e+01 2.92761e+01 3.20724e+01 1.92161e+01 1.45402e+01 1.16621e+01 1.00753e+01 7.88889e+00 6.53722e+00 4.88872e+00 3.69575e+00 3.12428e+00 2.62122e+00 1.87053e+00 9.46201e-01 1.06819e+00 1.13614e+00
2.08776e+02 1.77229e+02 8.29736e+01 9.53958e+01 7.17988e+01 4.94756e+01 3.27396e+01 2.44274e+01 1.92161e+01 2.11086e+01 1.32044e+01 9.73985e+00 8.83480e+00 6.97908e+00 5.55859e+00 4.40289e+00 3.44867e+00 2.59357e+00 2.18930e+00 1.59369e+00 9.80019e-01 1.09192e+00 1.21093e+00
1.91742e+02 1.11410e+02 6.31258e+01 6.74692e+01 5.57449e+01 3.60855e+01 2.87464e+01 2.01192e+01 1.45402e+01 1.32044e+01 1.41670e+01 8.56638e+00 7.44710e+00 5.50956e+00 4.50551e+00 3.46114e+00 2.67468e+00 1.96932e+00 1.66820e+00 1.11811e+00 6.24294e-01 6.40704e-01 7.97770e-01
1.26933e+02 9.03714e+01 4.91184e+01 5.29021e+01 4.56123e+01 2.71089e+01 1.93391e+01 1.54206e+01 1.16621e+01 9.73985e+00 8.56638e+00 7.82526e+00 5.52972e+00 4.42311e+00 3.44385e+00 2.70748e+00 2.11949e+00 1.72939e+00 1.46339e+00 1.02875e+00 6.16290e-01 6.11437e-01 6.38644e-01
1.04369e+02 8.09027e+01 4.36683e+01 4.81466e+01 3.93530e+01 2.43289e+01 1.87161e+01 1.32733e+01 1.00753e+01 8.83480e+00 7.44710e+00 5.52972e+00 5.82264e+00 4.25145e+00 3.36043e+00 2.75387e+00 2.08581e+00 1.60835e+00 1.38409e+00 1.08432e+00 6.91156e-01 7.08351e-01 6.96646e-01
7.85145e+01 6.95241e+01 3.35887e+01 3.38138e+01 3.09066e+01 1.65989e+01 1.36823e+01 9.96039e+00 7.88889e+00 6.97908e+00 5.50956e+00 4.42311e+00 4.25145e+00 3.81358e+00 2.78353e+00 2.31741e+00 1.75620e+00 1.41589e+00 1.25226e+00 9.76660e-01 6.67884e-01 6.48083e-01 6.16323e-01
7.01192e+01 4.80774e+01 2.72459e+01 2.54758e+01 2.32186e+01 1.44284e+01 1.10449e+01 8.03066e+00 6.53722e+00 5.55859e+00 4.50551e+00 3.44385e+00 3.36043e+00 2.78353e+00 2.76332e+00 2.02866e+00 1.55071e+00 1.35524e+00 1.15327e+00 8.92826e-01 6.08251e-01 5.41326e-01 5.02965e-01
4.95274e+01 4.31536e+01 2.16385e+01 1.97660e+01 1.86425e+01 1.07661e+01 8.96165e+00 6.31739e+00 4.88872e+00 4.40289e+00 3.46114e+00 2.70748e+00 2.75387e+00 2.31741e+00 2.02866e+00 1.92621e+00 1.43367e+00 1.16849e+00 1.00845e+00 8.28008e-01 6.12314e-01 5.37249e-01 5.08214e-01
3.87347e+01 2.58198e+01 1.56415e+01 1.32106e+01 1.37081e+01 8.28621e+00 6.49274e+00 4.66791e+00 3.69575e+00 3.44867e+00 2.67468e+00 2.11949e+00 2.08581e+00 1.75620e+00 1.55071e+00 1.43367e+00 1.27901e+00 1.03018e+00 8.68121e-01 6.93958e-01 4.88628e-01 4.27451e-01 4.13331e-01
3.13012e+01 2.12452e+01 1.29722e+01 8.96139e+00 1.00026e+01 6.40955e+00 4.76419e+00 3.46260e+00 3.12428e+00 2.59357e+00 1.96932e+00 1.72939e+00 1.60835e+00 1.41589e+00 1.35524e+00 1.16849e+00 1.03018e+00 9.94300e-01 8.41891e-01 6.89451e-01 4.97066e-01 4.30454e-01 3.93390e-01
2.46382e+01 1.93678e+01 8.31651e+00 7.11472e+00 7.96856e+00 5.79023e+00 4.21139e+00 2.87572e+00 2.62122e+00 2.18930e+00 1.66820e+00 1.46339e+00 1.38409e+00 1.25226e+00 1.15327e+00 1.00845e+00 8.68121e-01 8.41891e-01 8.50024e-01 6.75844e-01 5.01804e-01 4.23282e-01 3.89311e-01
1.54471e+01 1.41305e+01 5.69901e+00 3.92469e+00 5.38458e+00 3.76515e+00 2.92162e+00 1.96045e+00 1.87053e+00 1.59369e+00 1.11811e+00 1.02875e+00 1.08432e+00 9.76660e-01 8.92826e-01 8.28008e-01 6.93958e-01 6.89451e-01 6.75844e-01 6.38278e-01 4.98807e-01 4.38301e-01 4.07703e-01
6.89376e+00 1.47117e+01 2.72777e+00 1.29245e+00 2.97617e+00 1.34145e+00 1.53171e+00 9.02444e-01 9.46201e-01 9.80019e-01 6.24294e-01 6.16290e-01 6.91156e-01 6.67884e-01 6.08251e-01 6.12314e-01 4.88628e-01 4.97066e-01 5.01804e-01 4.98807e-01 4.91509e-01 4.34121e-01 4.03554e-01
9.01227e+00 1.25877e+01 3.57515e+00 3.20506e+00 3.81651e+00 1.47484e+00 1.39303e+00 8.73849e-01 1.06819e+00 1.09192e+00 6.40704e-01 6.11437e-01 7.08351e-01 6.48083e-01 5.41326e-01 5.37249e-01 4.27451e-01 4.30454e-01 4.23282e-01 4.38301e-01 4.34121e-01 4.81213e-01 4.54453e-01
1.07756e+01 1.13661e+01 4.48323e+00 2.69799e+00 3.86317e+00 1.77459e+00 1.64116e+00 1.06295e+00 1.13614e+00 1.21093e+00 7.97770e-01 6.38644e-01 6.96646e-01 6.16323e-01 5.02965e-01 5.08214e-01 4.13331e-01 3.93390e-01 3.89311e-01 4.07703e-01 4.03554e-01 4.54453e-01 5.09656e-01
