7.36425e+01 1.08900e+00 -2.03827e+00 -7.92406e-01 -1.92597e+00 -3.54397e-01 -9.91992e-01 -3.23261e-01 -2.16630e-02 -1.77985e-01 -6.49090e-02 -1.25334e-01 9.41881e-02 -8.86399e-04 3.28599e-02 6.17291e-02 3.73278e-02 -1.71743e-02 -2.12169e-02 -7.11504e-03 -1.66203e-02 -1.64848e-02 -2.28290e-02
1.08900e+00 2.28369e+01 1.73375e+00 1.36094e+00 -3.28568e-01 -1.19693e+00 6.22313e-01 -1.22057e-01 -4.82714e-02 3.43281e-03 -2.03987e-02 -5.06238e-02 2.92157e-02 2.17704e-02 2.82239e-02 -9.54811e-03 5.83045e-03 1.31892e-02 1.40224e-02 1.48855e-02 1.98565e-02 -1.05997e-02 -7.51522e-03
-2.03827e+00 1.73375e+00 7.77609e+00 1.04061e+00 1.20387e-01 6.85245e-01 1.52126e-01 -6.40321e-02 -4.26135e-02 2.63525e-03 4.45988e-02 3.66340e-02 2.99609e-02 -6.17610e-03 1.27412e-02 3.27602e-03 1.44421e-02 8.44647e-04 -4.34856e-03 1.03526e-02 6.64541e-03 6.52923e-03 4.43967e-03
-7.92406e-01 1.36094e+00 1.04061e+00 3.96439e+00 3.73100e-01 3.19344e-01 -6.21283e-02 -4.12837e-02 -4.10113e-02 -4.98469e-02 4.67080e-02 1.93447e-02 -1.04470e-02 9.93844e-03 2.43733e-03 3.78056e-03 1.96364e-04 6.08161e-03 -6.53524e-03 -2.77043e-04 6.16242e-03 6.53989e-03 3.80806e-03
-1.92597e+00 -3.28568e-01 1.20387e-01 3.73100e-01 1.88242e+00 1.56848e-01 3.92770e-02 6.19107e-02 5.21129e-03 6.48794e-03 4.13082e-03 -1.30203e-02 2.43443e-02 1.02927e-02 9.50453e-03 8.54764e-04 -2.74651e-03 2.75159e-03 3.21800e-05 -4.34708e-03 -1.59536e-04 5.71544e-03 2.25990e-04
-3.54397e-01 -1.19693e+00 6.85245e-01 3.19344e-01 1.56848e-01 1.38713e+00 -1.77648e-02 -4.63795e-03 3.57579e-02 -3.08446e-04 2.06587e-02 3.94637e-02 -2.80853e-03 -7.53416e-03 -4.57567e-03 4.73317e-03 -1.00296e-03 2.00460e-03 -1.73186e-03 -4.06625e-03 1.16674e-03 3.98402e-03 1.85091e-03
-9.91992e-01 6.22313e-01 1.52126e-01 -6.21283e-02 3.92770e-02 -1.77648e-02 4.94878e-01 7.22299e-02 3.72644e-02 -2.72059e-03 1.77096e-02 -2.57533e-03 3.11332e-03 -6.52287e-03 -8.79239e-04 1.29722e-03 6.27686e-04 2.48036e-03 6.06057e-04 1.60162e-03 1.54644e-03 4.07961e-04 -3.71351e-04
-3.23261e-01 -1.22057e-01 -6.40321e-02 -4.12837e-02 6.19107e-02 -4.63795e-03 7.22299e-02 2.04784e-01 1.27902e-02 -1.10450e-02 -9.57386e-03 8.39078e-03 6.07036e-03 4.46887e-03 8.97155e-04 -4.75254e-03 4.27082e-04 -1.94124e-03 -2.09200e-04 9.06319e-04 1.66995e-03 2.36343e-04 -6.24191e-04
-2.16630e-02 -4.82714e-02 -4.26135e-02 -4.10113e-02 5.21129e-03 3.57579e-02 3.72644e-02 1.27902e-02 1.40881e-01 6.72810e-04 -4.59569e-03 -8.95609e-03 7.36843e-03 -1.64492e-03 -1.41298e-03 -3.83116e-04 2.10860e-03 -2.05004e-04 -1.32606e-03 -6.57363e-04 -5.17118e-05 8.62042e-04 9.27492e-04
-1.77985e-01 3.43281e-03 2.63525e-03 -4.98469e-02 6.48794e-03 -3.08446e-04 -2.72059e-03 -1.10450e-02 6.72810e-04 6.86497e-02 6.76050e-03 4.95586e-04 1.35361e-03 1.17492e-04 2.10962e-03 -6.83552e-04 -5.46998e-04 -4.32964e-04 3.46370e-04 -1.87356e-04 -7.64889e-04 -7.81911e-05 6.41860e-04
-6.49090e-02 -2.03987e-02 4.45988e-02 4.67080e-02 4.13082e-03 2.06587e-02 1.77096e-02 -9.57386e-03 -4.59569e-03 6.76050e-03 4.75990e-02 2.41445e-03 -2.56938e-03 -1.49860e-03 1.65489e-03 1.47593e-03 1.03446e-03 -3.00370e-04 -1.15938e-03 -3.17444e-04 -1.36092e-04 -6.49789e-04 -2.94879e-04
-1.25334e-01 -5.06238e-02 3.66340e-02 1.93447e-02 -1.30203e-02 3.94637e-02 -2.57533e-03 8.39078e-03 -8.95609e-03 4.95586e-04 2.41445e-03 1.71532e-02 -3.97874e-04 1.65531e-06 2.51162e-03 -6.53541e-04 -4.24076e-04 5.45312e-04 2.81315e-04 -2.90649e-05 2.46391e-04 2.78950e-04 2.78265e-04
9.41881e-02 2.92157e-02 2.99609e-02 -1.04470e-02 2.43443e-02 -2.80853e-03 3.11332e-03 6.07036e-03 7.36843e-03 1.35361e-03 -2.56938e-03 -3.97874e-04 1.01506e-02 2.28936e-03 1.44549e-03 5.70988e-04 7.64324e-04 2.68709e-04 9.85357e-06 -6.15807e-05 4.82870e-05 3.83536e-04 -1.79124e-04
-8.86399e-04 2.17704e-02 -6.17610e-03 9.93844e-03 1.02927e-02 -7.53416e-03 -6.52287e-03 4.46887e-03 -1.64492e-03 1.17492e-04 -1.49860e-03 1.65531e-06 2.28936e-03 5.46276e-03 1.70628e-03 1.50456e-04 3.06880e-04 4.88434e-05 -1.88952e-04 -1.81257e-04 1.10509e-04 2.06738e-04 -3.43756e-05
3.28599e-02 2.82239e-02 1.27412e-02 2.43733e-03 9.50453e-03 -4.57567e-03 -8.79239e-04 8.97155e-04 -1.41298e-03 2.10962e-03 1.65489e-03 2.51162e-03 1.44549e-03 1.70628e-03 3.81445e-03 4.85619e-04 1.55932e-05 1.57212e-04 -1.70319e-04 -1.61588e-04 -9.13692e-05 4.07014e-05 -5.40461e-05
6.17291e-02 -9.54811e-03 3.27602e-03 3.78056e-03 8.54764e-04 4.73317e-03 1.29722e-03 -4.75254e-03 -3.83116e-04 -6.83552e-04 1.47593e-03 -6.53541e-04 5.70988e-04 1.50456e-04 4.85619e-04 1.68329e-03 3.32825e-04 1.08936e-04 -9.50616e-05 -2.94557e-05 1.19697e-04 5.31443e-05 -6.99575e-06
3.73278e-02 5.83045e-03 1.44421e-02 1.96364e-04 -2.74651e-03 -1.00296e-03 6.27686e-04 4.27082e-04 2.10860e-03 -5.46998e-04 1.03446e-03 -4.24076e-04 7.64324e-04 3.06880e-04 1.55932e-05 3.32825e-04 1.06852e-03 7.49427e-05 -6.60186e-05 5.92049e-05 8.32193e-05 8.94830e-06 1.67712e-05
-1.71743e-02 1.31892e-02 8.44647e-04 6.08161e-03 2.75159e-03 2.00460e-03 2.48036e-03 -1.94124e-03 -2.05004e-04 -4.32964e-04 -3.00370e-04 5.45312e-04 2.68709e-04 4.88434e-05 1.57212e-04 1.08936e-04 7.49427e-05 9.10352e-04 3.44946e-04 1.72874e-04 1.29561e-04 1.25802e-04 1.14373e-04
-2.12169e-02 1.40224e-02 -4.34856e-03 -6.53524e-03 3.21800e-05 -1.73186e-03 6.06057e-04 -2.09200e-04 -1.32606e-03 3.46370e-04 -1.15938e-03 2.81315e-04 9.85357e-06 -1.88952e-04 -1.70319e-04 -9.50616e-05 -6.60186e-05 3.44946e-04 6.91610e-04 3.16500e-04 9.54293e-05 4.84120e-05 -1.60667e-05
-7.11504e-03 1.48855e-02 1.03526e-02 -2.77043e-04 -4.34708e-03 -4.06625e-03 1.60162e-03 9.06319e-04 -6.57363e-04 -1.87356e-04 -3.17444e-04 -2.90649e-05 -6.15807e-05 -1.81257e-04 -1.61588e-04 -2.94557e-05 5.92049e-05 1.72874e-04 3.16500e-04 5.69977e-04 1.68823e-04 3.13195e-05 1.81193e-06
-1.66203e-02 1.98565e-02 6.64541e-03 6.16242e-03 -1.59536e-04 1.16674e-03 1.54644e-03 1.66995e-03 -5.17118e-05 -7.64889e-04 -1.36092e-04 2.46391e-04 4.82870e-05 1.10509e-04 -9.13692e-05 1.19697e-04 8.32193e-05 1.29561e-04 9.54293e-05 1.68823e-04 3.51851e-04 1.15215e-04 2.40420e-05
-1.64848e-02 -1.05997e-02 6.52923e-03 6.53989e-03 5.71544e-03 3.98402e-03 4.07961e-04 2.36343e-04 8.62042e-04 -7.81911e-05 -6.49789e-04 2.78950e-04 3.83536e-04 2.06738e-04 4.07014e-05 5.31443e-05 8.94830e-06 1.25802e-04 4.84120e-05 3.13195e-05 1.15215e-04 3.87854e-04 9.82165e-05
-2.28290e-02 -7.51522e-03 4.43967e-03 3.80806e-03 2.25990e-04 1.85091e-03 -3.71351e-04 -6.24191e-04 9.27492e-04 6.41860e-04 -2.94879e-04 2.78265e-04 -1.79124e-04 -3.43756e-05 -5.40461e-05 -6.99575e-06 1.67712e-05 1.14373e-04 -1.60667e-05 1.81193e-06 2.40420e-05 9.82165e-05 1.79295e-04
