5.57530e+01 -1.71594e+00 7.57853e-01 4.18141e+00 -1.47296e+00 -1.38373e+00 -1.03749e-01 9.86745e-01 8.70676e-02 -4.56819e-01 -7.82467e-02 -3.81033e-02 1.68192e-01 3.85518e-02 4.65206e-02 4.59420e-02 5.09104e-02 -4.25538e-03 -2.10005e-02 1.17582e-02 1.13069e-02 -1.10023e-02 -3.95268e-03
-1.71594e+00 2.64225e+01 -1.25901e+00 9.78824e-01 -5.44669e-02 1.36134e-01 -3.08179e-01 -3.77833e-01 -5.39833e-02 1.02880e-01 9.95385e-02 -6.18151e-02 -6.44806e-02 -3.60857e-02 4.61506e-02 6.43751e-03 1.44634e-02 -3.50608e-03 -1.06169e-02 -1.00351e-03 1.00246e-02 -6.60302e-04 2.64076e-03
7.57853e-01 -1.25901e+00 1.05807e+01 1.40508e+00 -9.31139e-01 -5.69303e-01 -2.05662e-01 -1.05244e-01 -8.97692e-02 -6.48057e-02 -1.36615e-02 4.88507e-02 4.16534e-02 2.31245e-02 2.48100e-03 -3.20871e-04 2.20229e-03 1.02648e-02 1.10540e-02 8.49317e-03 -6.09684e-04 -3.98987e-03 -3.29415e-03
4.18141e+00 9.78824e-01 1.40508e+00 5.77198e+00 6.36075e-01 -6.91944e-02 -1.27380e-01 1.05257e-01 2.20338e-01 1.52544e-02 -2.17495e-02 3.18313e-02 2.82550e-02 7.78444e-03 2.04561e-02 3.14490e-02 1.38488e-02 1.31658e-03 -2.49184e-03 -6.48189e-03 -8.67880e-03 -9.99213e-03 -3.09772e-03
-1.47296e+00 -5.44669e-02 -9.31139e-01 6.36075e-01 2.61366e+00 4.35299e-01 -4.32949e-02 5.06408e-02 5.20712e-03 2.66214e-02 -2.47872e-02 -2.03083e-02 6.73868e-03 -2.01362e-02 4.34706e-03 -5.49589e-03 -5.64370e-04 2.78766e-03 3.13072e-03 -3.21393e-03 -2.26083e-03 1.34056e-03 -3.92332e-03
-1.38373e+00 1.36134e-01 -5.69303e-01 -6.91944e-02 4.35299e-01 1.05818e+00 -1.39807e-02 8.34793e-02 -3.03138e-02 6.79539e-03 1.05927e-02 -2.33809e-02 -7.73408e-03 -1.08339e-02 1.73665e-02 5.30192e-03 4.89289e-03 1.22406e-03 9.43988e-04 3.60046e-03 1.82349e-03 3.50330e-03 1.04895e-03
-1.03749e-01 -3.08179e-01 -2.05662e-01 -1.27380e-01 -4.32949e-02 -1.39807e-02 4.91396e-01 8.22692e-03 3.65683e-02 3.93322e-02 4.78485e-03 -4.52625e-03 -5.36929e-03 9.59239e-03 -6.98833e-03 1.65827e-03 -1.16564e-03 -3.29691e-03 -1.10381e-03 -1.52385e-04 -2.57018e-03 -3.20138e-03 -2.54610e-03
9.86745e-01 -3.77833e-01 -1.05244e-01 1.05257e-01 5.06408e-02 8.34793e-02 8.22692e-03 2.79504e-01 7.37590e-03 -6.16094e-03 8.84142e-03 -1.28295e-02 1.60388e-02 -1.37772e-03 9.76714e-04 3.33043e-03 2.62361e-03 7.45684e-04 -1.06804e-03 1.47643e-03 8.73995e-04 -1.28776e-03 -1.08639e-03
8.70676e-02 -5.39833e-02 -8.97692e-02 2.20338e-01 5.20712e-03 -3.03138e-02 3.65683e-02 7.37590e-03 1.19795e-01 1.46082e-02 -1.53356e-03 4.38570e-03 -4.80602e-03 -3.05634e-04 -7.20494e-06 3.68779e-03 9.41012e-05 -7.36479e-04 -1.24994e-03 2.00334e-04 3.57688e-04 -1.41035e-03 4.18971e-04
-4.56819e-01 1.02880e-01 -6.48057e-02 1.52544e-02 2.66214e-02 6.79539e-03 3.93322e-02 -6.16094e-03 1.46082e-02 5.80322e-02 3.00421e-03 1.06617e-04 1.13893e-03 2.29621e-03 9.56639e-04 -3.85057e-03 -1.62915e-03 -4.99312e-04 1.56650e-04 -1.13286e-05 -4.90755e-05 -4.94586e-04 3.75496e-05
-7.82467e-02 9.95385e-02 -1.36615e-02 -2.17495e-02 -2.47872e-02 1.05927e-02 4.78485e-03 8.84142e-03 -1.53356e-03 3.00421e-03 3.73412e-02 -2.26387e-03 5.44784e-03 1.01751e-03 3.73705e-04 1.77470e-04 1.97888e-03 1.28283e-03 5.44029e-04 2.65078e-04 -3.84154e-05 -7.69228e-05 -2.89078e-04
-3.81033e-02 -6.18151e-02 4.88507e-02 3.18313e-02 -2.03083e-02 -2.33809e-02 -4.52625e-03 -1.28295e-02 4.38570e-03 1.06617e-04 -2.26387e-03 2.17308e-02 4.33906e-04 1.93823e-03 4.68444e-04 7.38506e-04 -3.67328e-04 -1.07990e-03 -6.89242e-04 -9.09305e-04 -4.72380e-04 -3.98671e-04 2.63505e-04
1.68192e-01 -6.44806e-02 4.16534e-02 2.82550e-02 6.73868e-03 -7.73408e-03 -5.36929e-03 1.60388e-02 -4.80602e-03 1.13893e-03 5.44784e-03 4.33906e-04 1.37412e-02 1.98767e-03 -2.49917e-04 3.05920e-04 3.00590e-04 3.32812e-04 1.79427e-04 2.16861e-04 2.95071e-06 -5.87296e-04 -2.05928e-04
3.85518e-02 -3.60857e-02 2.31245e-02 7.78444e-03 -2.01362e-02 -1.08339e-02 9.59239e-03 -1.37772e-03 -3.05634e-04 2.29621e-03 1.01751e-03 1.93823e-03 1.98767e-03 6.44978e-03 6.17846e-04 -7.29153e-05 1.09450e-04 1.86661e-04 1.96076e-04 7.36147e-05 1.35401e-04 -2.34189e-04 -1.42591e-04
4.65206e-02 4.61506e-02 2.48100e-03 2.04561e-02 4.34706e-03 1.73665e-02 -6.98833e-03 9.76714e-04 -7.20494e-06 9.56639e-04 3.73705e-04 4.68444e-04 -2.49917e-04 6.17846e-04 4.03297e-03 7.80913e-04 4.45955e-04 3.59015e-04 3.13511e-04 3.86498e-05 -4.36297e-05 -7.29120e-05 1.01573e-05
4.59420e-02 6.43751e-03 -3.20871e-04 3.14490e-02 -5.49589e-03 5.30192e-03 1.65827e-03 3.33043e-03 3.68779e-03 -3.85057e-03 1.77470e-04 7.38506e-04 3.05920e-04 -7.29153e-05 7.80913e-04 3.02201e-03 8.01725e-04 2.41884e-04 5.64015e-05 2.02745e-04 -7.86708e-05 -1.55863e-04 -1.26714e-04
5.09104e-02 1.44634e-02 2.20229e-03 1.38488e-02 -5.64370e-04 4.89289e-03 -1.16564e-03 2.62361e-03 9.41012e-05 -1.62915e-03 1.97888e-03 -3.67328e-04 3.00590e-04 1.09450e-04 4.45955e-04 8.01725e-04 1.50028e-03 4.83182e-04 1.86336e-04 1.02392e-04 1.00415e-04 -1.60981e-05 -1.74068e-05
-4.25538e-03 -3.50608e-03 1.02648e-02 1.31658e-03 2.78766e-03 1.22406e-03 -3.29691e-03 7.45684e-04 -7.36479e-04 -4.99312e-04 1.28283e-03 -1.07990e-03 3.32812e-04 1.86661e-04 3.59015e-04 2.41884e-04 4.83182e-04 9.43662e-04 5.14169e-04 2.50574e-04 1.84171e-04 5.44848e-05 1.03484e-05
-2.10005e-02 -1.06169e-02 1.10540e-02 -2.49184e-03 3.13072e-03 9.43988e-04 -1.10381e-03 -1.06804e-03 -1.24994e-03 1.56650e-04 5.44029e-04 -6.89242e-04 1.79427e-04 1.96076e-04 3.13511e-04 5.64015e-05 1.86336e-04 5.14169e-04 1.00484e-03 3.92148e-04 1.57871e-04 2.77806e-05 -6.41401e-05
1.17582e-02 -1.00351e-03 8.49317e-03 -6.48189e-03 -3.21393e-03 3.60046e-03 -1.52385e-04 1.47643e-03 2.00334e-04 -1.13286e-05 2.65078e-04 -9.09305e-04 2.16861e-04 7.36147e-05 3.86498e-05 2.02745e-04 1.02392e-04 2.50574e-04 3.92148e-04 6.30547e-04 2.48811e-04 7.06599e-05 -5.63940e-05
1.13069e-02 1.00246e-02 -6.09684e-04 -8.67880e-03 -2.26083e-03 1.82349e-03 -2.57018e-03 8.73995e-04 3.57688e-04 -4.90755e-05 -3.84154e-05 -4.72380e-04 2.95071e-06 1.35401e-04 -4.36297e-05 -7.86708e-05 1.00415e-04 1.84171e-04 1.57871e-04 2.48811e-04 5.03789e-04 2.03137e-04 5.33109e-05
-1.10023e-02 -6.60302e-04 -3.98987e-03 -9.99213e-03 1.34056e-03 3.50330e-03 -3.20138e-03 -1.28776e-03 -1.41035e-03 -4.94586e-04 -7.69228e-05 -3.98671e-04 -5.87296e-04 -2.34189e-04 -7.29120e-05 -1.55863e-04 -1.60981e-05 5.44848e-05 2.77806e-05 7.06599e-05 2.03137e-04 4.27967e-04 1.85811e-04
-3.95268e-03 2.64076e-03 -3.29415e-03 -3.09772e-03 -3.92332e-03 1.04895e-03 -2.54610e-03 -1.08639e-03 4.18971e-04 3.75496e-05 -2.89078e-04 2.63505e-04 -2.05928e-04 -1.42591e-04 1.01573e-05 -1.26714e-04 -1.74068e-05 1.03484e-05 -6.41401e-05 -5.63940e-05 5.33109e-05 1.85811e-04 3.44597e-04
