7.14382e+03 1.88381e+03 1.18595e+03 1.24595e+03 9.06140e+02 4.94374e+02 4.08743e+02 2.74282e+02 1.89347e+02 1.81800e+02 1.27735e+02 9.55955e+01 9.59696e+01 6.25312e+01 4.84357e+01 4.32275e+01 3.04794e+01 1.97244e+01 1.99150e+01 1.44253e+01 1.26847e+01 1.15982e+01 1.17068e+01
1.88381e+03 3.35807e+03 1.11508e+03 8.34200e+02 6.69113e+02 3.88196e+02 2.85807e+02 2.47141e+02 1.68697e+02 1.32013e+02 1.11221e+02 8.59610e+01 6.49381e+01 5.72654e+01 3.84524e+01 2.79762e+01 2.46760e+01 1.70453e+01 1.54605e+01 6.75548e+00 5.79251e+00 7.16253e+00 6.22068e+00
1.18595e+03 1.11508e+03 1.62271e+03 7.55329e+02 4.11740e+02 2.93503e+02 1.93589e+02 1.67620e+02 9.87924e+01 8.88744e+01 7.57381e+01 5.97196e+01 5.33467e+01 3.79023e+01 2.75471e+01 2.14516e+01 2.01150e+01 1.55194e+01 1.26018e+01 8.14499e+00 3.96443e+00 5.57006e+00 5.33463e+00
1.24595e+03 8.34200e+02 7.55329e+02 9.78057e+02 4.17086e+02 2.25363e+02 1.80233e+02 1.41240e+02 1.02333e+02 8.62635e+01 5.75712e+01 5.04359e+01 4.39714e+01 3.01860e+01 2.29548e+01 1.56601e+01 1.33540e+01 1.05515e+01 7.82877e+00 5.50069e+00 3.06046e+00 3.43840e+00 3.23972e+00
9.06140e+02 6.69113e+02 4.11740e+02 4.17086e+02 6.14434e+02 1.93376e+02 1.66292e+02 1.10636e+02 8.74663e+01 6.83325e+01 5.17069e+01 4.29825e+01 3.62281e+01 2.67787e+01 2.06229e+01 1.52513e+01 1.36056e+01 8.25571e+00 6.15659e+00 4.27617e+00 3.85773e+00 3.85350e+00 4.37862e+00
4.94374e+02 3.88196e+02 2.93503e+02 2.25363e+02 1.93376e+02 1.67193e+02 7.55208e+01 5.40952e+01 3.60923e+01 3.07998e+01 2.48614e+01 2.00884e+01 1.74690e+01 1.36024e+01 9.26701e+00 7.35164e+00 5.47840e+00 4.25566e+00 3.49615e+00 2.28216e+00 1.48149e+00 1.68910e+00 1.82612e+00
4.08743e+02 2.85807e+02 1.93589e+02 1.80233e+02 1.66292e+02 7.55208e+01 1.05041e+02 5.26036e+01 3.89751e+01 3.01714e+01 2.32866e+01 1.90229e+01 1.57355e+01 1.27607e+01 8.81357e+00 7.01723e+00 5.67154e+00 4.07659e+00 3.11593e+00 2.02488e+00 1.48917e+00 1.58227e+00 1.79338e+00
2.74282e+02 2.47141e+02 1.67620e+02 1.41240e+02 1.10636e+02 5.40952e+01 5.26036e+01 5.57883e+01 2.74946e+01 2.26653e+01 1.85957e+01 1.45990e+01 1.23206e+01 9.38268e+00 6.72265e+00 5.39045e+00 4.30656e+00 3.31289e+00 2.80436e+00 1.83838e+00 1.29739e+00 1.41505e+00 1.47317e+00
1.89347e+02 1.68697e+02 9.87924e+01 1.02333e+02 8.74663e+01 3.60923e+01 3.89751e+01 2.74946e+01 2.80296e+01 1.70668e+01 1.26976e+01 1.02366e+01 8.41962e+00 6.53215e+00 4.85441e+00 3.76083e+00 3.00747e+00 2.21787e+00 1.94602e+00 1.38233e+00 8.14081e-01 1.01841e+00 1.02132e+00
1.81800e+02 1.32013e+02 8.88744e+01 8.62635e+01 6.83325e+01 3.07998e+01 3.01714e+01 2.26653e+01 1.70668e+01 1.89073e+01 1.05754e+01 8.78434e+00 7.82587e+00 5.96144e+00 4.17797e+00 3.52635e+00 2.68738e+00 2.14341e+00 1.60127e+00 1.09623e+00 8.46075e-01 9.19061e-01 9.41506e-01
1.27735e+02 1.11221e+02 7.57381e+01 5.75712e+01 5.17069e+01 2.48614e+01 2.32866e+01 1.85957e+01 1.26976e+01 1.05754e+01 1.16223e+01 7.28111e+00 6.20176e+00 5.03547e+00 3.54942e+00 3.07897e+00 2.26253e+00 1.64862e+00 1.42421e+00 1.03485e+00 7.15573e-01 7.29757e-01 7.32181e-01
9.55955e+01 8.59610e+01 5.97196e+01 5.04359e+01 4.29825e+01 2.00884e+01 1.90229e+01 1.45990e+01 1.02366e+01 8.78434e+00 7.28111e+00 7.30844e+00 4.97725e+00 4.16883e+00 3.01079e+00 2.41874e+00 1.91875e+00 1.59450e+00 1.26457e+00 8.88786e-01 6.41648e-01 6.55058e-01 5.57408e-01
9.59696e+01 6.49381e+01 5.33467e+01 4.39714e+01 3.62281e+01 1.74690e+01 1.57355e+01 1.23206e+01 8.41962e+00 7.82587e+00 6.20176e+00 4.97725e+00 4.85641e+00 3.71630e+00 2.59651e+00 2.26717e+00 1.81803e+00 1.47445e+00 1.18482e+00 9.27253e-01 6.78621e-01 7.26413e-01 6.96292e-01
6.25312e+01 5.72654e+01 3.79023e+01 3.01860e+01 2.67787e+01 1.36024e+01 1.27607e+01 9.38268e+00 6.53215e+00 5.96144e+00 5.03547e+00 4.16883e+00 3.71630e+00 3.72303e+00 2.44775e+00 2.23214e+00 1.69042e+00 1.41321e+00 1.13247e+00 8.37403e-01 6.45638e-01 6.38156e-01 5.78073e-01
4.84357e+01 3.84524e+01 2.75471e+01 2.29548e+01 2.06229e+01 9.26701e+00 8.81357e+00 6.72265e+00 4.85441e+00 4.17797e+00 3.54942e+00 3.01079e+00 2.59651e+00 2.44775e+00 2.12854e+00 1.78550e+00 1.39956e+00 1.19151e+00 9.68443e-01 7.32373e-01 5.40150e-01 5.23766e-01 4.88144e-01
4.32275e+01 2.79762e+01 2.14516e+01 1.56601e+01 1.52513e+01 7.35164e+00 7.01723e+00 5.39045e+00 3.76083e+00 3.52635e+00 3.07897e+00 2.41874e+00 2.26717e+00 2.23214e+00 1.78550e+00 1.82352e+00 1.37789e+00 1.17362e+00 9.66208e-01 7.50947e-01 5.64322e-01 5.28754e-01 4.80118e-01
3.04794e+01 2.46760e+01 2.01150e+01 1.33540e+01 1.36056e+01 5.47840e+00 5.67154e+00 4.30656e+00 3.00747e+00 2.68738e+00 2.26253e+00 1.91875e+00 1.81803e+00 1.69042e+00 1.39956e+00 1.37789e+00 1.25210e+00 1.00415e+00 8.30049e-01 6.45643e-01 4.92523e-01 4.55215e-01 4.25562e-01
1.97244e+01 1.70453e+01 1.55194e+01 1.05515e+01 8.25571e+00 4.25566e+00 4.07659e+00 3.31289e+00 2.21787e+00 2.14341e+00 1.64862e+00 1.59450e+00 1.47445e+00 1.41321e+00 1.19151e+00 1.17362e+00 1.00415e+00 9.97934e-01 8.14922e-01 6.66755e-01 5.14728e-01 5.02014e-01 4.50737e-01
1.99150e+01 1.54605e+01 1.26018e+01 7.82877e+00 6.15659e+00 3.49615e+00 3.11593e+00 2.80436e+00 1.94602e+00 1.60127e+00 1.42421e+00 1.26457e+00 1.18482e+00 1.13247e+00 9.68443e-01 9.66208e-01 8.30049e-01 8.14922e-01 7.87086e-01 6.40383e-01 5.21582e-01 4.88822e-01 4.42694e-01
1.44253e+01 6.75548e+00 8.14499e+00 5.50069e+00 4.27617e+00 2.28216e+00 2.02488e+00 1.83838e+00 1.38233e+00 1.09623e+00 1.03485e+00 8.88786e-01 9.27253e-01 8.37403e-01 7.32373e-01 7.50947e-01 6.45643e-01 6.66755e-01 6.40383e-01 6.32380e-01 5.17829e-01 4.90172e-01 4.37447e-01
1.26847e+01 5.79251e+00 3.96443e+00 3.06046e+00 3.85773e+00 1.48149e+00 1.48917e+00 1.29739e+00 8.14081e-01 8.46075e-01 7.15573e-01 6.41648e-01 6.78621e-01 6.45638e-01 5.40150e-01 5.64322e-01 4.92523e-01 5.14728e-01 5.21582e-01 5.17829e-01 5.17921e-01 4.67682e-01 4.19306e-01
1.15982e+01 7.16253e+00 5.57006e+00 3.43840e+00 3.85350e+00 1.68910e+00 1.58227e+00 1.41505e+00 1.01841e+00 9.19061e-01 7.29757e-01 6.55058e-01 7.26413e-01 6.38156e-01 5.23766e-01 5.28754e-01 4.55215e-01 5.02014e-01 4.88822e-01 4.90172e-01 4.67682e-01 5.42018e-01 4.93685e-01
1.17068e+01 6.22068e+00 5.33463e+00 3.23972e+00 4.37862e+00 1.82612e+00 1.79338e+00 1.47317e+00 1.02132e+00 9.41506e-01 7.32181e-01 5.57408e-01 6.96292e-01 5.78073e-01 4.88144e-01 4.80118e-01 4.25562e-01 4.50737e-01 4.42694e-01 4.37447e-01 4.19306e-01 4.93685e-01 5.41821e-01
