4.57252e+03 1.82867e+03 8.47195e+02 9.14308e+02 6.86054e+02 4.70031e+02 2.93625e+02 2.79350e+02 1.71398e+02 1.01930e+02 9.17372e+01 7.09337e+01 5.94219e+01 4.19850e+01 3.20100e+01 2.63520e+01 1.80014e+01 1.50303e+01 1.21824e+01 8.94077e+00 6.31633e+00 8.65872e+00 8.07052e+00
1.82867e+03 2.64761e+03 8.27413e+02 6.88574e+02 4.71160e+02 3.79188e+02 2.53953e+02 2.31292e+02 1.67432e+02 1.10797e+02 9.32907e+01 7.71693e+01 5.69849e+01 4.50403e+01 3.45534e+01 2.81654e+01 2.08071e+01 1.64699e+01 1.14041e+01 5.74204e+00 3.11042e+00 3.34062e+00 5.00943e+00
8.47195e+02 8.27413e+02 8.44576e+02 4.74760e+02 3.08759e+02 2.28681e+02 1.54017e+02 1.25662e+02 9.10667e+01 5.76533e+01 4.99417e+01 3.89206e+01 3.31269e+01 2.56142e+01 1.96816e+01 1.75938e+01 1.30706e+01 1.09972e+01 6.99716e+00 3.96534e+00 2.11249e+00 2.77821e+00 2.24391e+00
9.14308e+02 6.88574e+02 4.74760e+02 7.80822e+02 3.38653e+02 2.40717e+02 1.60331e+02 1.56762e+02 8.18222e+01 6.86992e+01 5.78128e+01 4.43156e+01 3.69752e+01 2.76567e+01 2.25865e+01 1.82296e+01 1.44782e+01 1.11867e+01 8.19860e+00 5.45739e+00 2.59163e+00 2.45092e+00 9.76721e-01
6.86054e+02 4.71160e+02 3.08759e+02 3.38653e+02 3.55124e+02 1.78790e+02 1.26701e+02 9.78533e+01 6.02383e+01 4.86860e+01 4.30689e+01 3.17656e+01 2.58598e+01 2.03420e+01 1.54692e+01 1.18460e+01 9.04974e+00 6.85545e+00 5.39374e+00 3.69608e+00 2.17534e+00 2.16489e+00 1.78884e+00
4.70031e+02 3.79188e+02 2.28681e+02 2.40717e+02 1.78790e+02 1.60407e+02 8.65059e+01 6.99497e+01 4.67749e+01 3.52113e+01 3.10223e+01 2.33221e+01 1.90239e+01 1.36865e+01 1.09766e+01 7.96226e+00 6.34057e+00 5.18243e+00 4.15808e+00 2.10587e+00 1.64867e+00 1.79596e+00 1.41379e+00
2.93625e+02 2.53953e+02 1.54017e+02 1.60331e+02 1.26701e+02 8.65059e+01 8.39402e+01 4.86564e+01 3.34980e+01 2.68649e+01 2.38807e+01 1.85795e+01 1.44543e+01 1.14515e+01 8.82102e+00 6.57908e+00 5.16074e+00 4.21960e+00 3.07547e+00 1.90296e+00 1.34546e+00 1.21285e+00 1.01813e+00
2.79350e+02 2.31292e+02 1.25662e+02 1.56762e+02 9.78533e+01 6.99497e+01 4.86564e+01 5.36577e+01 2.81339e+01 2.22047e+01 1.84526e+01 1.44418e+01 1.14898e+01 8.81372e+00 7.26811e+00 5.55537e+00 4.38873e+00 3.41764e+00 2.73083e+00 1.69257e+00 1.03527e+00 9.68655e-01 7.89277e-01
1.71398e+02 1.67432e+02 9.10667e+01 8.18222e+01 6.02383e+01 4.67749e+01 3.34980e+01 2.81339e+01 2.37292e+01 1.51656e+01 1.27799e+01 1.01607e+01 7.79310e+00 5.72190e+00 4.40432e+00 3.40635e+00 2.69967e+00 2.05559e+00 1.63081e+00 9.13406e-01 5.70624e-01 6.43144e-01 7.69018e-01
1.01930e+02 1.10797e+02 5.76533e+01 6.86992e+01 4.86860e+01 3.52113e+01 2.68649e+01 2.22047e+01 1.51656e+01 1.56828e+01 1.06994e+01 8.02714e+00 6.55799e+00 4.93150e+00 4.01377e+00 3.03634e+00 2.62056e+00 1.97611e+00 1.55594e+00 9.82589e-01 6.90916e-01 6.51698e-01 5.44582e-01
9.17372e+01 9.32907e+01 4.99417e+01 5.78128e+01 4.30689e+01 3.10223e+01 2.38807e+01 1.84526e+01 1.27799e+01 1.06994e+01 1.09231e+01 7.25670e+00 5.78128e+00 4.30894e+00 3.53631e+00 2.74075e+00 2.19849e+00 1.80404e+00 1.36506e+00 7.94989e-01 5.42777e-01 4.91673e-01 4.76404e-01
7.09337e+01 7.71693e+01 3.89206e+01 4.43156e+01 3.17656e+01 2.33221e+01 1.85795e+01 1.44418e+01 1.01607e+01 8.02714e+00 7.25670e+00 6.49508e+00 4.80474e+00 3.70336e+00 3.01596e+00 2.34226e+00 1.98627e+00 1.53685e+00 1.19141e+00 7.41693e-01 5.28917e-01 5.03801e-01 4.95634e-01
5.94219e+01 5.69849e+01 3.31269e+01 3.69752e+01 2.58598e+01 1.90239e+01 1.44543e+01 1.14898e+01 7.79310e+00 6.55799e+00 5.78128e+00 4.80474e+00 4.62358e+00 3.29439e+00 2.66422e+00 2.16350e+00 1.87099e+00 1.49624e+00 1.16313e+00 8.36698e-01 5.93667e-01 6.00093e-01 5.27709e-01
4.19850e+01 4.50403e+01 2.56142e+01 2.76567e+01 2.03420e+01 1.36865e+01 1.14515e+01 8.81372e+00 5.72190e+00 4.93150e+00 4.30894e+00 3.70336e+00 3.29439e+00 2.96377e+00 2.26028e+00 1.85948e+00 1.55016e+00 1.24168e+00 9.47590e-01 6.76170e-01 5.24392e-01 4.97002e-01 3.95988e-01
3.20100e+01 3.45534e+01 1.96816e+01 2.25865e+01 1.54692e+01 1.09766e+01 8.82102e+00 7.26811e+00 4.40432e+00 4.01377e+00 3.53631e+00 3.01596e+00 2.66422e+00 2.26028e+00 2.05824e+00 1.61675e+00 1.33445e+00 1.06095e+00 8.61781e-01 6.08595e-01 4.79541e-01 4.34645e-01 3.20994e-01
2.63520e+01 2.81654e+01 1.75938e+01 1.82296e+01 1.18460e+01 7.96226e+00 6.57908e+00 5.55537e+00 3.40635e+00 3.03634e+00 2.74075e+00 2.34226e+00 2.16350e+00 1.85948e+00 1.61675e+00 1.54633e+00 1.22623e+00 1.00597e+00 7.91850e-01 5.85163e-01 4.49570e-01 4.08384e-01 3.05192e-01
1.80014e+01 2.08071e+01 1.30706e+01 1.44782e+01 9.04974e+00 6.34057e+00 5.16074e+00 4.38873e+00 2.69967e+00 2.62056e+00 2.19849e+00 1.98627e+00 1.87099e+00 1.55016e+00 1.33445e+00 1.22623e+00 1.18930e+00 9.38003e-01 7.43729e-01 5.60691e-01 4.27014e-01 3.90914e-01 3.02445e-01
1.50303e+01 1.64699e+01 1.09972e+01 1.11867e+01 6.85545e+00 5.18243e+00 4.21960e+00 3.41764e+00 2.05559e+00 1.97611e+00 1.80404e+00 1.53685e+00 1.49624e+00 1.24168e+00 1.06095e+00 1.00597e+00 9.38003e-01 8.61378e-01 6.75474e-01 5.28499e-01 4.28380e-01 3.82541e-01 2.90275e-01
1.21824e+01 1.14041e+01 6.99716e+00 8.19860e+00 5.39374e+00 4.15808e+00 3.07547e+00 2.73083e+00 1.63081e+00 1.55594e+00 1.36506e+00 1.19141e+00 1.16313e+00 9.47590e-01 8.61781e-01 7.91850e-01 7.43729e-01 6.75474e-01 6.49805e-01 5.06205e-01 4.11756e-01 3.72737e-01 2.78742e-01
8.94077e+00 5.74204e+00 3.96534e+00 5.45739e+00 3.69608e+00 2.10587e+00 1.90296e+00 1.69257e+00 9.13406e-01 9.82589e-01 7.94989e-01 7.41693e-01 8.36698e-01 6.76170e-01 6.08595e-01 5.85163e-01 5.60691e-01 5.28499e-01 5.06205e-01 4.84964e-01 4.07249e-01 3.60301e-01 2.71400e-01
6.31633e+00 3.11042e+00 2.11249e+00 2.59163e+00 2.17534e+00 1.64867e+00 1.34546e+00 1.03527e+00 5.70624e-01 6.90916e-01 5.42777e-01 5.28917e-01 5.93667e-01 5.24392e-01 4.79541e-01 4.49570e-01 4.27014e-01 4.28380e-01 4.11756e-01 4.07249e-01 4.29092e-01 3.86971e-01 2.89894e-01
8.65872e+00 3.34062e+00 2.77821e+00 2.45092e+00 2.16489e+00 1.79596e+00 1.21285e+00 9.68655e-01 6.43144e-01 6.51698e-01 4.91673e-01 5.03801e-01 6.00093e-01 4.97002e-01 4.34645e-01 4.08384e-01 3.90914e-01 3.82541e-01 3.72737e-01 3.60301e-01 3.86971e-01 4.24129e-01 3.35084e-01
8.07052e+00 5.00943e+00 2.24391e+00 9.76721e-01 1.78884e+00 1.41379e+00 1.01813e+00 7.89277e-01 7.69018e-01 5.44582e-01 4.76404e-01 4.95634e-01 5.27709e-01 3.95988e-01 3.20994e-01 3.05192e-01 3.02445e-01 2.90275e-01 2.78742e-01 2.71400e-01 2.89894e-01 3.35084e-01 3.46786e-01
