2.72783e+03 8.54739e+02 4.46590e+02 3.41023e+02 1.00622e+02 9.71082e+01 4.05021e+01 6.33516e+01 1.97678e+01 1.27841e+01 9.44826e+00 2.28299e+00 9.76817e+00 7.60354e+00 7.99052e+00 2.53158e+00 1.09743e+00 2.04538e+00 1.37875e+00 2.81223e-01 -1.28160e+00 -6.28876e-01 6.16885e-01
8.54739e+02 1.50878e+03 3.17161e+02 1.77473e+02 1.13275e+02 1.01377e+02 6.30525e+01 7.22282e+01 3.81334e+01 2.95221e+01 2.25265e+01 1.30860e+01 1.19929e+01 1.03079e+01 8.06804e+00 7.97939e+00 4.43531e+00 3.76356e+00 2.51692e+00 9.20140e-01 2.19939e-01 -1.34938e+00 -9.60477e-01
4.46590e+02 3.17161e+02 4.13607e+02 1.56272e+02 7.69911e+01 6.06083e+01 4.41044e+01 3.35074e+01 2.15110e+01 1.79068e+01 1.31835e+01 8.68123e+00 8.78469e+00 7.23619e+00 6.42298e+00 5.84916e+00 4.66307e+00 3.91500e+00 1.84623e+00 1.48511e+00 1.09095e-01 -6.04170e-01 -1.19956e+00
3.41023e+02 1.77473e+02 1.56272e+02 3.07911e+02 9.26044e+01 7.86146e+01 6.07378e+01 4.35738e+01 2.17214e+01 2.28224e+01 1.55335e+01 1.09924e+01 1.06778e+01 8.70244e+00 6.62194e+00 4.15252e+00 3.43303e+00 1.92570e+00 1.16584e+00 5.60551e-01 -4.03883e-01 -7.94660e-01 -1.20178e+00
1.00622e+02 1.13275e+02 7.69911e+01 9.26044e+01 1.33477e+02 5.02015e+01 4.18811e+01 2.74629e+01 1.58235e+01 1.45398e+01 9.07175e+00 8.09059e+00 6.45818e+00 4.86376e+00 4.08667e+00 2.56835e+00 2.21733e+00 1.20244e+00 8.21816e-01 4.77970e-01 -1.01861e-02 -4.41235e-01 -6.64968e-01
9.71082e+01 1.01377e+02 6.06083e+01 7.86146e+01 5.02015e+01 5.63830e+01 2.78604e+01 2.14485e+01 1.16444e+01 1.05479e+01 7.11989e+00 5.59013e+00 4.39666e+00 2.94014e+00 2.72418e+00 1.67914e+00 1.65135e+00 1.08958e+00 8.67935e-01 3.03074e-01 5.97921e-03 -3.21230e-01 -3.55589e-01
4.05021e+01 6.30525e+01 4.41044e+01 6.07378e+01 4.18811e+01 2.78604e+01 3.43672e+01 1.47652e+01 9.82670e+00 9.16790e+00 6.95686e+00 5.53471e+00 4.47364e+00 3.61653e+00 3.00590e+00 2.24852e+00 1.76755e+00 1.22497e+00 7.99228e-01 4.47383e-01 1.25016e-01 -1.70314e-01 -2.90861e-01
6.33516e+01 7.22282e+01 3.35074e+01 4.35738e+01 2.74629e+01 2.14485e+01 1.47652e+01 1.61796e+01 7.76077e+00 6.40520e+00 4.66048e+00 3.90347e+00 2.93979e+00 2.22120e+00 1.82923e+00 1.31183e+00 1.09329e+00 7.73638e-01 5.99125e-01 3.00632e-01 3.73792e-02 -1.89013e-01 -1.96179e-01
1.97678e+01 3.81334e+01 2.15110e+01 2.17214e+01 1.58235e+01 1.16444e+01 9.82670e+00 7.76077e+00 8.77890e+00 4.89931e+00 3.19199e+00 2.90474e+00 1.94113e+00 1.49131e+00 1.22914e+00 7.40684e-01 5.25666e-01 3.27566e-01 2.69696e-01 7.23820e-02 -6.76446e-02 -1.23266e-01 -1.13330e-01
1.27841e+01 2.95221e+01 1.79068e+01 2.28224e+01 1.45398e+01 1.05479e+01 9.16790e+00 6.40520e+00 4.89931e+00 5.74458e+00 3.06937e+00 2.57199e+00 1.92353e+00 1.49249e+00 1.11031e+00 8.11451e-01 7.09327e-01 4.14618e-01 2.26365e-01 6.25426e-02 -4.61249e-02 -1.14975e-01 -1.52804e-01
9.44826e+00 2.25265e+01 1.31835e+01 1.55335e+01 9.07175e+00 7.11989e+00 6.95686e+00 4.66048e+00 3.19199e+00 3.06937e+00 3.28109e+00 2.20639e+00 1.64935e+00 1.32563e+00 1.08128e+00 8.41322e-01 6.69198e-01 4.70053e-01 3.13683e-01 1.59043e-01 3.16048e-02 -5.52491e-02 -4.12716e-02
2.28299e+00 1.30860e+01 8.68123e+00 1.09924e+01 8.09059e+00 5.59013e+00 5.53471e+00 3.90347e+00 2.90474e+00 2.57199e+00 2.20639e+00 2.47867e+00 1.44969e+00 1.26683e+00 1.03550e+00 7.88502e-01 6.09973e-01 4.55325e-01 2.85910e-01 1.64627e-01 6.49918e-02 -1.84455e-02 -2.31615e-02
9.76817e+00 1.19929e+01 8.78469e+00 1.06778e+01 6.45818e+00 4.39666e+00 4.47364e+00 2.93979e+00 1.94113e+00 1.92353e+00 1.64935e+00 1.44969e+00 1.42243e+00 1.10817e+00 9.01722e-01 7.10822e-01 5.36966e-01 3.73639e-01 2.46509e-01 1.80122e-01 4.61966e-02 3.72976e-02 6.84132e-03
7.60354e+00 1.03079e+01 7.23619e+00 8.70244e+00 4.86376e+00 2.94014e+00 3.61653e+00 2.22120e+00 1.49131e+00 1.49249e+00 1.32563e+00 1.26683e+00 1.10817e+00 1.19560e+00 9.26994e-01 7.49852e-01 5.42538e-01 4.13053e-01 2.81981e-01 1.95690e-01 1.07212e-01 4.72805e-02 -5.31867e-03
7.99052e+00 8.06804e+00 6.42298e+00 6.62194e+00 4.08667e+00 2.72418e+00 3.00590e+00 1.82923e+00 1.22914e+00 1.11031e+00 1.08128e+00 1.03550e+00 9.01722e-01 9.26994e-01 9.35739e-01 7.36984e-01 5.47900e-01 4.20213e-01 3.30655e-01 2.23138e-01 1.25717e-01 4.87902e-02 -4.56577e-03
2.53158e+00 7.97939e+00 5.84916e+00 4.15252e+00 2.56835e+00 1.67914e+00 2.24852e+00 1.31183e+00 7.40684e-01 8.11451e-01 8.41322e-01 7.88502e-01 7.10822e-01 7.49852e-01 7.36984e-01 7.59835e-01 5.52007e-01 4.34234e-01 3.29871e-01 2.38230e-01 1.31818e-01 5.84671e-02 1.72714e-03
1.09743e+00 4.43531e+00 4.66307e+00 3.43303e+00 2.21733e+00 1.65135e+00 1.76755e+00 1.09329e+00 5.25666e-01 7.09327e-01 6.69198e-01 6.09973e-01 5.36966e-01 5.42538e-01 5.47900e-01 5.52007e-01 5.07323e-01 3.79686e-01 2.85938e-01 2.01294e-01 9.82976e-02 3.65621e-02 -1.28241e-03
2.04538e+00 3.76356e+00 3.91500e+00 1.92570e+00 1.20244e+00 1.08958e+00 1.22497e+00 7.73638e-01 3.27566e-01 4.14618e-01 4.70053e-01 4.55325e-01 3.73639e-01 4.13053e-01 4.20213e-01 4.34234e-01 3.79686e-01 3.50808e-01 2.73143e-01 1.97502e-01 1.17745e-01 5.95828e-02 1.64804e-02
1.37875e+00 2.51692e+00 1.84623e+00 1.16584e+00 8.21816e-01 8.67935e-01 7.99228e-01 5.99125e-01 2.69696e-01 2.26365e-01 3.13683e-01 2.85910e-01 2.46509e-01 2.81981e-01 3.30655e-01 3.29871e-01 2.85938e-01 2.73143e-01 2.82201e-01 2.08877e-01 1.35986e-01 7.81056e-02 3.10867e-02
2.81223e-01 9.20140e-01 1.48511e+00 5.60551e-01 4.77970e-01 3.03074e-01 4.47383e-01 3.00632e-01 7.23820e-02 6.25426e-02 1.59043e-01 1.64627e-01 1.80122e-01 1.95690e-01 2.23138e-01 2.38230e-01 2.01294e-01 1.97502e-01 2.08877e-01 2.06961e-01 1.40955e-01 8.43721e-02 4.12963e-02
-1.28160e+00 2.19939e-01 1.09095e-01 -4.03883e-01 -1.01861e-02 5.97921e-03 1.25016e-01 3.73792e-02 -6.76446e-02 -4.61249e-02 3.16048e-02 6.49918e-02 4.61966e-02 1.07212e-01 1.25717e-01 1.31818e-01 9.82976e-02 1.17745e-01 1.35986e-01 1.40955e-01 1.50420e-01 1.02645e-01 5.68167e-02
-6.28876e-01 -1.34938e+00 -6.04170e-01 -7.94660e-01 -4.41235e-01 -3.21230e-01 -1.70314e-01 -1.89013e-01 -1.23266e-01 -1.14975e-01 -5.52491e-02 -1.84455e-02 3.72976e-02 4.72805e-02 4.87902e-02 5.84671e-02 3.65621e-02 5.95828e-02 7.81056e-02 8.43721e-02 1.02645e-01 1.34604e-01 9.60085e-02
6.16885e-01 -9.60477e-01 -1.19956e+00 -1.20178e+00 -6.64968e-01 -3.55589e-01 -2.90861e-01 -1.96179e-01 -1.13330e-01 -1.52804e-01 -4.12716e-02 -2.31615e-02 6.84132e-03 -5.31867e-03 -4.56577e-03 1.72714e-03 -1.28241e-03 1.64804e-02 3.10867e-02 4.12963e-02 5.68167e-02 9.60085e-02 1.23366e-01
