4.51674e+02 -8.91260e+01 3.11741e+01 2.69788e+01 -9.30718e+00 -3.72632e+00 9.12685e+00 -2.18573e+00 1.16303e+00 6.52752e-02 5.32671e-01 -7.68657e-01 -1.05901e+00 7.24050e-01 -1.10541e-01 -1.60248e-01 6.22083e-02 -7.42497e-02 1.25654e-01 3.27447e-02 8.89371e-02 9.94010e-02 -2.51356e-02
-8.91260e+01 2.07099e+02 4.38352e+00 9.50381e+00 3.01654e+00 3.84517e+00 4.29913e-01 1.88852e+00 7.50919e-01 -5.41803e-01 -8.01064e-01 -2.82501e-01 4.23883e-01 -2.40384e-01 1.14582e-01 3.68551e-02 4.30188e-02 6.21952e-02 1.46278e-02 2.71022e-02 3.46838e-03 2.07657e-02 3.10881e-02
3.11741e+01 4.38352e+00 8.64494e+01 -2.95222e+00 -8.97096e+00 1.93988e+00 1.97204e+00 -5.23682e-01 1.05769e+00 -4.27083e-01 7.77003e-02 9.89320e-02 -1.00141e-01 5.84838e-02 -1.40691e-01 1.35575e-02 -5.47297e-02 -4.05256e-02 1.95646e-02 3.67412e-02 -1.63644e-02 -1.22780e-02 1.16075e-02
2.69788e+01 9.50381e+00 -2.95222e+00 5.59521e+01 -5.62922e+00 -7.38842e-01 -6.46417e-01 3.51465e-02 3.94605e-01 1.19307e-01 1.11551e-01 6.12199e-02 -3.57112e-02 2.34106e-01 1.57538e-01 3.79904e-02 5.22604e-02 4.44739e-02 6.24586e-02 3.55919e-03 6.23663e-04 3.32930e-02 1.55996e-02
-9.30718e+00 3.01654e+00 -8.97096e+00 -5.62922e+00 2.33240e+01 7.53872e-02 1.10384e+00 5.26589e-01 1.09520e-02 5.26169e-01 3.32402e-01 -2.82138e-02 1.69814e-02 -2.77969e-02 2.91338e-02 5.47985e-03 1.65348e-03 4.78555e-02 8.90360e-04 4.95372e-03 1.43779e-03 1.45417e-02 9.83620e-03
-3.72632e+00 3.84517e+00 1.93988e+00 -7.38842e-01 7.53872e-02 1.09884e+01 -1.10864e+00 6.39522e-01 8.04210e-01 7.69467e-02 4.92054e-02 6.58860e-02 -4.62330e-02 5.33933e-03 -1.91651e-04 1.35358e-02 7.30890e-03 1.69756e-03 -5.21958e-03 -2.14499e-02 -2.91462e-02 -5.46052e-03 1.06611e-02
9.12685e+00 4.29913e-01 1.97204e+00 -6.46417e-01 1.10384e+00 -1.10864e+00 3.65417e+00 -9.69088e-02 -1.64967e-01 -6.06604e-03 1.61361e-02 -4.09128e-02 -6.28694e-03 3.11764e-02 -7.31857e-03 4.56723e-04 1.28420e-02 8.59629e-03 7.07144e-03 1.43967e-02 3.10274e-03 7.48391e-03 -3.22073e-03
-2.18573e+00 1.88852e+00 -5.23682e-01 3.51465e-02 5.26589e-01 6.39522e-01 -9.69088e-02 8.77999e-01 1.33084e-01 -4.81798e-03 3.70257e-02 4.76208e-02 4.72695e-03 1.18784e-02 2.09240e-03 1.05229e-02 -1.05150e-03 2.04575e-03 -1.53319e-03 2.59496e-04 2.99496e-03 -2.43862e-03 1.70210e-03
1.16303e+00 7.50919e-01 1.05769e+00 3.94605e-01 1.09520e-02 8.04210e-01 -1.64967e-01 1.33084e-01 3.51528e-01 3.23852e-02 5.16717e-03 6.79200e-04 1.21416e-03 1.11173e-02 -2.41686e-03 -6.63634e-03 -3.17527e-03 2.58139e-03 1.33002e-03 -3.16488e-03 -5.94018e-03 -1.16146e-03 1.83103e-03
6.52752e-02 -5.41803e-01 -4.27083e-01 1.19307e-01 5.26169e-01 7.69467e-02 -6.06604e-03 -4.81798e-03 3.23852e-02 2.40306e-01 3.96781e-02 9.89129e-03 2.17876e-02 1.72159e-02 -4.84934e-04 4.03522e-03 -5.72526e-03 2.70930e-03 -2.33344e-03 -1.94576e-04 5.70561e-04 8.10460e-04 7.83470e-05
5.32671e-01 -8.01064e-01 7.77003e-02 1.11551e-01 3.32402e-01 4.92054e-02 1.61361e-02 3.70257e-02 5.16717e-03 3.96781e-02 8.07595e-02 -5.76037e-03 2.99789e-03 7.54945e-03 2.25472e-03 -2.23559e-04 -1.08937e-03 -4.54721e-04 -1.19159e-03 9.29137e-04 1.79562e-03 2.78512e-04 2.55897e-04
-7.68657e-01 -2.82501e-01 9.89320e-02 6.12199e-02 -2.82138e-02 6.58860e-02 -4.09128e-02 4.76208e-02 6.79200e-04 9.89129e-03 -5.76037e-03 6.22146e-02 9.46006e-03 -1.55715e-03 -2.36163e-03 6.23089e-03 1.78057e-03 1.49879e-03 8.86093e-04 1.25399e-03 7.32455e-04 8.13059e-04 5.10953e-04
-1.05901e+00 4.23883e-01 -1.00141e-01 -3.57112e-02 1.69814e-02 -4.62330e-02 -6.28694e-03 4.72695e-03 1.21416e-03 2.17876e-02 2.99789e-03 9.46006e-03 2.73504e-02 1.86316e-03 -9.57307e-04 3.06840e-03 -5.30658e-05 1.19380e-03 -1.07674e-03 -5.18318e-04 3.03041e-04 2.77127e-05 -2.08773e-04
7.24050e-01 -2.40384e-01 5.84838e-02 2.34106e-01 -2.77969e-02 5.33933e-03 3.11764e-02 1.18784e-02 1.11173e-02 1.72159e-02 7.54945e-03 -1.55715e-03 1.86316e-03 1.66932e-02 9.24286e-04 6.07239e-04 5.14207e-04 -3.34967e-04 1.50596e-04 -2.61270e-04 7.92954e-04 2.40640e-04 3.90546e-04
-1.10541e-01 1.14582e-01 -1.40691e-01 1.57538e-01 2.91338e-02 -1.91651e-04 -7.31857e-03 2.09240e-03 -2.41686e-03 -4.84934e-04 2.25472e-03 -2.36163e-03 -9.57307e-04 9.24286e-04 8.07576e-03 -2.48575e-04 4.43985e-04 3.79273e-04 2.24697e-06 -8.43771e-05 -1.39245e-04 -4.54337e-04 -7.53926e-05
-1.60248e-01 3.68551e-02 1.35575e-02 3.79904e-02 5.47985e-03 1.35358e-02 4.56723e-04 1.05229e-02 -6.63634e-03 4.03522e-03 -2.23559e-04 6.23089e-03 3.06840e-03 6.07239e-04 -2.48575e-04 5.46617e-03 1.32148e-03 1.09024e-03 -5.32761e-06 1.95587e-04 5.13074e-04 5.46242e-04 6.76022e-05
6.22083e-02 4.30188e-02 -5.47297e-02 5.22604e-02 1.65348e-03 7.30890e-03 1.28420e-02 -1.05150e-03 -3.17527e-03 -5.72526e-03 -1.08937e-03 1.78057e-03 -5.30658e-05 5.14207e-04 4.43985e-04 1.32148e-03 4.01049e-03 8.85775e-04 3.96113e-04 2.69474e-04 3.69626e-04 5.67949e-04 4.76926e-04
-7.42497e-02 6.21952e-02 -4.05256e-02 4.44739e-02 4.78555e-02 1.69756e-03 8.59629e-03 2.04575e-03 2.58139e-03 2.70930e-03 -4.54721e-04 1.49879e-03 1.19380e-03 -3.34967e-04 3.79273e-04 1.09024e-03 8.85775e-04 2.28920e-03 5.07783e-04 2.64371e-04 1.15353e-04 1.08913e-04 -1.13011e-04
1.25654e-01 1.46278e-02 1.95646e-02 6.24586e-02 8.90360e-04 -5.21958e-03 7.07144e-03 -1.53319e-03 1.33002e-03 -2.33344e-03 -1.19159e-03 8.86093e-04 -1.07674e-03 1.50596e-04 2.24697e-06 -5.32761e-06 3.96113e-04 5.07783e-04 1.95197e-03 5.72942e-04 3.00485e-04 1.88449e-05 2.59244e-05
3.27447e-02 2.71022e-02 3.67412e-02 3.55919e-03 4.95372e-03 -2.14499e-02 1.43967e-02 2.59496e-04 -3.16488e-03 -1.94576e-04 9.29137e-04 1.25399e-03 -5.18318e-04 -2.61270e-04 -8.43771e-05 1.95587e-04 2.69474e-04 2.64371e-04 5.72942e-04 1.07052e-03 4.96053e-04 2.24446e-04 7.13466e-06
8.89371e-02 3.46838e-03 -1.63644e-02 6.23663e-04 1.43779e-03 -2.91462e-02 3.10274e-03 2.99496e-03 -5.94018e-03 5.70561e-04 1.79562e-03 7.32455e-04 3.03041e-04 7.92954e-04 -1.39245e-04 5.13074e-04 3.69626e-04 1.15353e-04 3.00485e-04 4.96053e-04 1.68281e-03 5.24895e-04 5.18736e-05
9.94010e-02 2.07657e-02 -1.22780e-02 3.32930e-02 1.45417e-02 -5.46052e-03 7.48391e-03 -2.43862e-03 -1.16146e-03 8.10460e-04 2.78512e-04 8.13059e-04 2.77127e-05 2.40640e-04 -4.54337e-04 5.46242e-04 5.67949e-04 1.08913e-04 1.88449e-05 2.24446e-04 5.24895e-04 1.10159e-03 3.50186e-04
-2.51356e-02 3.10881e-02 1.16075e-02 1.55996e-02 9.83620e-03 1.06611e-02 -3.22073e-03 1.70210e-03 1.83103e-03 7.83470e-05 2.55897e-04 5.10953e-04 -2.08773e-04 3.90546e-04 -7.53926e-05 6.76022e-05 4.76926e-04 -1.13011e-04 2.59244e-05 7.13466e-06 5.18736e-05 3.50186e-04 5.61894e-04
