7.85489e+04 6.73978e+03 3.27336e+03 2.85746e+03 -2.12779e+01 9.40317e+02 -5.78671e+02 2.40787e+02 -1.12598e+02 -1.87511e+02 -5.81958e+01 -5.07533e+01 5.63686e+01 -2.66550e+01 -8.47532e+00 7.51022e+00 -2.79636e-01 -1.03565e+01 -1.09297e+01 3.61156e+00 -4.19906e-01 1.82517e+00 3.91405e+00
6.73978e+03 5.81279e+04 5.88641e+03 4.80929e+02 1.02817e+03 5.95755e+02 -4.10156e+02 3.25278e+02 5.24813e+01 1.50591e+02 8.14802e+01 -4.15812e+01 6.27921e+01 5.88436e+01 2.60942e+01 1.42114e+01 5.43074e+00 -8.51249e+00 -1.26662e+01 -9.49903e+00 -7.33912e+00 -2.63120e+00 2.48676e+01
3.27336e+03 5.88641e+03 1.47532e+04 3.09060e+02 4.70672e+02 8.37467e+02 4.19108e+02 2.82373e+02 5.63878e+01 1.15696e+02 1.31315e+02 1.64570e+01 3.91558e+01 5.55485e+01 3.10921e+01 4.20017e+01 2.18581e+01 1.70369e+01 1.48851e+01 -6.67737e+00 -6.99728e+00 -3.47506e-01 2.16365e+00
2.85746e+03 4.80929e+02 3.09060e+02 1.11030e+04 1.62481e+03 8.78941e+02 1.07408e+03 3.21523e+02 1.54953e+02 1.86620e+02 1.19536e+02 3.80890e+01 9.07468e+01 7.09071e+01 6.92747e+01 4.62124e+01 4.04825e+01 3.32989e+01 1.29151e+01 1.53222e+01 7.57195e+00 2.34404e+00 -2.58479e-01
-2.12779e+01 1.02817e+03 4.70672e+02 1.62481e+03 2.61699e+03 4.67317e+02 6.66475e+02 2.61409e+02 1.00727e+02 6.59652e+01 2.28845e+01 2.45023e+01 4.25639e+01 4.21074e+01 2.65134e+01 1.73523e+01 1.29459e+01 3.85891e+00 2.14259e+00 5.64018e+00 1.08120e+00 3.54893e+00 -1.26051e+00
9.40317e+02 5.95755e+02 8.37467e+02 8.78941e+02 4.67317e+02 1.05302e+03 4.34091e+02 1.94960e+02 8.10513e+01 9.22704e+01 4.76892e+01 3.18893e+01 3.35299e+01 2.25576e+01 1.96107e+01 1.20854e+01 1.40646e+01 9.05697e+00 6.88669e+00 2.63456e+00 2.51181e+00 2.83993e+00 -5.29606e-01
-5.78671e+02 -4.10156e+02 4.19108e+02 1.07408e+03 6.66475e+02 4.34091e+02 7.37085e+02 1.90701e+02 1.23602e+02 8.11133e+01 5.16721e+01 4.33733e+01 3.82847e+01 3.06993e+01 2.08307e+01 1.26815e+01 1.12771e+01 6.03863e+00 2.80126e+00 1.55229e+00 -4.67735e-01 -4.32929e-01 -2.66218e+00
2.40787e+02 3.25278e+02 2.82373e+02 3.21523e+02 2.61409e+02 1.94960e+02 1.90701e+02 1.42542e+02 6.63148e+01 3.79468e+01 1.99396e+01 1.56017e+01 1.29020e+01 9.74528e+00 7.65849e+00 5.89567e+00 4.02637e+00 3.51970e+00 2.90185e+00 1.14322e+00 -6.71036e-02 -6.00310e-01 -1.29929e+00
-1.12598e+02 5.24813e+01 5.63878e+01 1.54953e+02 1.00727e+02 8.10513e+01 1.23602e+02 6.63148e+01 6.89925e+01 3.12137e+01 1.78643e+01 1.36091e+01 1.12711e+01 7.94937e+00 5.46112e+00 3.45545e+00 2.83340e+00 2.23160e+00 1.65734e+00 7.59272e-02 -2.84971e-01 -4.59696e-01 -5.24519e-01
-1.87511e+02 1.50591e+02 1.15696e+02 1.86620e+02 6.59652e+01 9.22704e+01 8.11133e+01 3.79468e+01 3.12137e+01 3.20491e+01 1.51106e+01 9.68425e+00 9.36097e+00 6.98248e+00 4.71138e+00 3.39830e+00 2.72736e+00 2.06664e+00 9.24361e-01 -4.36679e-01 -5.14607e-01 -3.00181e-01 -4.62554e-01
-5.81958e+01 8.14802e+01 1.31315e+02 1.19536e+02 2.28845e+01 4.76892e+01 5.16721e+01 1.99396e+01 1.78643e+01 1.51106e+01 1.56680e+01 7.73417e+00 7.01759e+00 5.47727e+00 4.00572e+00 3.30197e+00 3.05022e+00 1.86261e+00 1.18539e+00 1.29988e-01 -1.68204e-01 -1.53273e-01 -2.58781e-02
-5.07533e+01 -4.15812e+01 1.64570e+01 3.80890e+01 2.45023e+01 3.18893e+01 4.33733e+01 1.56017e+01 1.36091e+01 9.68425e+00 7.73417e+00 1.02152e+01 5.52490e+00 4.47198e+00 3.23558e+00 2.44943e+00 2.34022e+00 1.88547e+00 1.01950e+00 4.38376e-01 -5.31088e-02 -3.01034e-01 -6.58760e-02
5.63686e+01 6.27921e+01 3.91558e+01 9.07468e+01 4.25639e+01 3.35299e+01 3.82847e+01 1.29020e+01 1.12711e+01 9.36097e+00 7.01759e+00 5.52490e+00 6.98896e+00 4.66860e+00 3.25878e+00 2.68087e+00 2.19440e+00 1.56406e+00 8.69654e-01 4.52559e-01 -5.30543e-02 3.80279e-02 1.53094e-02
-2.66550e+01 5.88436e+01 5.55485e+01 7.09071e+01 4.21074e+01 2.25576e+01 3.06993e+01 9.74528e+00 7.94937e+00 6.98248e+00 5.47727e+00 4.47198e+00 4.66860e+00 5.36975e+00 3.31444e+00 2.87822e+00 2.27803e+00 1.63196e+00 9.47641e-01 5.82495e-01 1.88262e-01 -1.94501e-02 -1.07493e-01
-8.47532e+00 2.60942e+01 3.10921e+01 6.92747e+01 2.65134e+01 1.96107e+01 2.08307e+01 7.65849e+00 5.46112e+00 4.71138e+00 4.00572e+00 3.23558e+00 3.25878e+00 3.31444e+00 3.50767e+00 2.68331e+00 1.97969e+00 1.51446e+00 1.01320e+00 6.21181e-01 2.11205e-01 -6.41247e-02 -7.27769e-02
7.51022e+00 1.42114e+01 4.20017e+01 4.62124e+01 1.73523e+01 1.20854e+01 1.26815e+01 5.89567e+00 3.45545e+00 3.39830e+00 3.30197e+00 2.44943e+00 2.68087e+00 2.87822e+00 2.68331e+00 2.98744e+00 1.99887e+00 1.46664e+00 9.51496e-01 6.81778e-01 2.45955e-01 -9.84066e-03 -9.21030e-02
-2.79636e-01 5.43074e+00 2.18581e+01 4.04825e+01 1.29459e+01 1.40646e+01 1.12771e+01 4.02637e+00 2.83340e+00 2.72736e+00 3.05022e+00 2.34022e+00 2.19440e+00 2.27803e+00 1.97969e+00 1.99887e+00 2.10537e+00 1.42758e+00 8.85209e-01 5.55764e-01 1.83007e-01 5.48842e-02 8.14549e-03
-1.03565e+01 -8.51249e+00 1.70369e+01 3.32989e+01 3.85891e+00 9.05697e+00 6.03863e+00 3.51970e+00 2.23160e+00 2.06664e+00 1.86261e+00 1.88547e+00 1.56406e+00 1.63196e+00 1.51446e+00 1.46664e+00 1.42758e+00 1.31276e+00 7.66685e-01 4.82812e-01 1.87083e-01 3.70290e-02 -1.76763e-03
-1.09297e+01 -1.26662e+01 1.48851e+01 1.29151e+01 2.14259e+00 6.88669e+00 2.80126e+00 2.90185e+00 1.65734e+00 9.24361e-01 1.18539e+00 1.01950e+00 8.69654e-01 9.47641e-01 1.01320e+00 9.51496e-01 8.85209e-01 7.66685e-01 7.47605e-01 4.93570e-01 2.50458e-01 6.64467e-02 3.13525e-02
3.61156e+00 -9.49903e+00 -6.67737e+00 1.53222e+01 5.64018e+00 2.63456e+00 1.55229e+00 1.14322e+00 7.59272e-02 -4.36679e-01 1.29988e-01 4.38376e-01 4.52559e-01 5.82495e-01 6.21181e-01 6.81778e-01 5.55764e-01 4.82812e-01 4.93570e-01 6.12058e-01 3.52906e-01 1.48661e-01 1.03771e-01
-4.19906e-01 -7.33912e+00 -6.99728e+00 7.57195e+00 1.08120e+00 2.51181e+00 -4.67735e-01 -6.71036e-02 -2.84971e-01 -5.14607e-01 -1.68204e-01 -5.31088e-02 -5.30543e-02 1.88262e-01 2.11205e-01 2.45955e-01 1.83007e-01 1.87083e-01 2.50458e-01 3.52906e-01 4.11121e-01 1.95009e-01 7.98756e-02
1.82517e+00 -2.63120e+00 -3.47506e-01 2.34404e+00 3.54893e+00 2.83993e+00 -4.32929e-01 -6.00310e-01 -4.59696e-01 -3.00181e-01 -1.53273e-01 -3.01034e-01 3.80279e-02 -1.94501e-02 -6.41247e-02 -9.84066e-03 5.48842e-02 3.70290e-02 6.64467e-02 1.48661e-01 1.95009e-01 3.03451e-01 1.67292e-01
3.91405e+00 2.48676e+01 2.16365e+00 -2.58479e-01 -1.26051e+00 -5.29606e-01 -2.66218e+00 -1.29929e+00 -5.24519e-01 -4.62554e-01 -2.58781e-02 -6.58760e-02 1.53094e-02 -1.07493e-01 -7.27769e-02 -9.21030e-02 8.14549e-03 -1.76763e-03 3.13525e-02 1.03771e-01 7.98756e-02 1.67292e-01 2.95952e-01
