# rp  wgg  wgg_err  wgp  wgp_err  wpp  wpp_err
23988.667170 3813.481918 1835.274147 1142.151152 764.637058 351.442966 477.478193 390.125990 201.325208 118.255648 108.982527 126.856331 115.810377 80.076192 55.241175 39.688200 43.888003 27.510912 25.371755 13.988625 2.580182 8.671522 -2.927377 -0.906538 4.198051
3813.481918 8613.081745 808.464601 576.018571 643.685066 421.843712 -47.326089 91.082494 45.051172 46.345804 54.734003 41.975873 38.219748 9.447675 14.696524 10.911115 11.981659 11.277893 8.108618 6.088092 2.178179 -3.121143 -3.743596 -3.576309 -2.367088
1835.274147 808.464601 3671.730711 603.173884 490.222678 434.951608 350.172545 203.584229 86.236700 97.720847 63.326915 57.888164 38.387542 32.756225 22.685719 20.876542 14.565585 7.800426 1.537942 -5.339104 -7.444759 -3.487704 -0.295326 1.367111 6.180859
1142.151152 576.018571 603.173884 1121.750948 336.681498 143.003742 136.265900 106.703333 46.288605 74.313840 39.339068 41.022532 32.731872 25.371316 17.308347 10.785901 10.972311 6.243682 2.157162 0.664277 -1.870202 -0.701613 -1.090994 -0.831061 2.635934
764.637058 643.685066 490.222678 336.681498 580.057601 210.985191 101.792560 68.736854 60.280770 32.800535 34.543175 31.288055 25.434521 14.510825 10.719012 8.502957 7.646402 3.933762 2.786034 0.566284 -0.095765 -0.393399 -1.641003 0.174058 1.233626
351.442966 421.843712 434.951608 143.003742 210.985191 289.781622 57.208646 28.259309 39.369258 25.382905 25.041885 17.050529 17.486399 12.633805 8.641706 8.391515 8.295453 4.661089 2.211155 0.870328 0.709936 0.362055 -0.386635 -0.064849 -0.157904
477.478193 -47.326089 350.172545 136.265900 101.792560 57.208646 132.924715 53.483529 19.572543 24.801423 17.834246 14.352875 8.946811 10.390265 8.164756 6.217165 4.435526 2.564688 1.806388 0.695182 0.001123 -0.001821 -1.098063 -0.596935 0.447111
390.125990 91.082494 203.584229 106.703333 68.736854 28.259309 53.483529 68.596214 15.262298 12.559952 11.413068 8.304319 8.067906 4.449865 4.130248 2.414476 1.930659 0.956001 0.855391 0.075328 -0.634901 -0.200198 -0.589937 -0.104954 0.608080
201.325208 45.051172 86.236700 46.288605 60.280770 39.369258 19.572543 15.262298 31.115316 10.673114 8.691859 5.640808 6.763835 5.816259 4.320387 3.252378 3.271516 2.364259 1.767893 0.949279 0.221575 -0.122932 -0.117392 -0.143581 0.175920
118.255648 46.345804 97.720847 74.313840 32.800535 25.382905 24.801423 12.559952 10.673114 18.482757 6.296497 5.596786 5.545065 4.905706 3.373148 2.615975 2.499340 1.543481 0.935306 0.380027 -0.026578 -0.087381 -0.128821 -0.072239 0.142564
108.982527 54.734003 63.326915 39.339068 34.543175 25.041885 17.834246 11.413068 8.691859 6.296497 12.654572 5.315214 4.983250 4.465550 3.529417 2.489258 2.017494 1.093986 0.780889 0.648416 0.220076 0.027774 -0.099370 0.090449 0.302922
126.856331 41.975873 57.888164 41.022532 31.288055 17.050529 14.352875 8.304319 5.640808 5.596786 5.315214 7.370402 4.077488 3.168977 2.224717 1.474356 1.427884 0.785968 0.313108 0.222960 -0.021263 -0.130432 0.079556 0.050390 0.109410
115.810377 38.219748 38.387542 32.731872 25.434521 17.486399 8.946811 8.067906 6.763835 5.545065 4.983250 4.077488 6.134662 3.660379 2.890269 2.172419 1.871514 1.151716 0.682693 0.455912 0.291377 0.076002 -0.076120 -0.035809 0.082958
80.076192 9.447675 32.756225 25.371316 14.510825 12.633805 10.390265 4.449865 5.816259 4.905706 4.465550 3.168977 3.660379 4.033901 2.648487 2.146891 1.703539 1.093324 0.632692 0.456118 0.265230 0.010913 -0.086784 -0.018009 0.104664
55.241175 14.696524 22.685719 17.308347 10.719012 8.641706 8.164756 4.130248 4.320387 3.373148 3.529417 2.224717 2.890269 2.648487 2.755232 1.851840 1.589783 0.970195 0.644970 0.464794 0.236084 -0.015192 -0.100584 -0.031795 0.079529
39.688200 10.911115 20.876542 10.785901 8.502957 8.391515 6.217165 2.414476 3.252378 2.615975 2.489258 1.474356 2.172419 2.146891 1.851840 1.957510 1.473169 1.041053 0.594375 0.436209 0.283379 0.078607 -0.064595 -0.052367 0.040866
43.888003 11.981659 14.565585 10.972311 7.646402 8.295453 4.435526 1.930659 3.271516 2.499340 2.017494 1.427884 1.871514 1.703539 1.589783 1.473169 1.543758 0.963782 0.549214 0.330598 0.204332 0.028952 -0.018707 -0.006937 0.023492
27.510912 11.277893 7.800426 6.243682 3.933762 4.661089 2.564688 0.956001 2.364259 1.543481 1.093986 0.785968 1.151716 1.093324 0.970195 1.041053 0.963782 0.850701 0.505520 0.302668 0.170787 0.058309 0.008579 -0.053251 -0.011720
25.371755 8.108618 1.537942 2.157162 2.786034 2.211155 1.806388 0.855391 1.767893 0.935306 0.780889 0.313108 0.682693 0.632692 0.644970 0.594375 0.549214 0.505520 0.609929 0.371539 0.217887 0.082354 -0.013036 -0.067372 -0.030492
13.988625 6.088092 -5.339104 0.664277 0.566284 0.870328 0.695182 0.075328 0.949279 0.380027 0.648416 0.222960 0.455912 0.456118 0.464794 0.436209 0.330598 0.302668 0.371539 0.455551 0.315173 0.150773 0.044784 -0.050883 -0.039205
2.580182 2.178179 -7.444759 -1.870202 -0.095765 0.709936 0.001123 -0.634901 0.221575 -0.026578 0.220076 -0.021263 0.291377 0.265230 0.236084 0.283379 0.204332 0.170787 0.217887 0.315173 0.371566 0.182844 0.054607 -0.016918 -0.021812
8.671522 -3.121143 -3.487704 -0.701613 -0.393399 0.362055 -0.001821 -0.200198 -0.122932 -0.087381 0.027774 -0.130432 0.076002 0.010913 -0.015192 0.078607 0.028952 0.058309 0.082354 0.150773 0.182844 0.237178 0.130764 0.027554 -0.010150
-2.927377 -3.743596 -0.295326 -1.090994 -1.641003 -0.386635 -1.098063 -0.589937 -0.117392 -0.128821 -0.099370 0.079556 -0.076120 -0.086784 -0.100584 -0.064595 -0.018707 0.008579 -0.013036 0.044784 0.054607 0.130764 0.239741 0.113404 0.003714
-0.906538 -3.576309 1.367111 -0.831061 0.174058 -0.064849 -0.596935 -0.104954 -0.143581 -0.072239 0.090449 0.050390 -0.035809 -0.018009 -0.031795 -0.052367 -0.006937 -0.053251 -0.067372 -0.050883 -0.016918 0.027554 0.113404 0.188615 0.065989
4.198051 -2.367088 6.180859 2.635934 1.233626 -0.157904 0.447111 0.608080 0.175920 0.142564 0.302922 0.109410 0.082958 0.104664 0.079529 0.040866 0.023492 -0.011720 -0.030492 -0.039205 -0.021812 -0.010150 0.003714 0.065989 0.129061
