# rp  wgg  wgg_err  wgp  wgp_err  wpp  wpp_err
191.668985 -10.737581 12.193502 -10.095431 0.591051 3.680206 0.593193 1.312163 0.536146 -1.057444 -0.866405 -0.412411 0.028179 0.011332 0.012567 -0.091061 0.021217 -0.002952 0.007111 0.003543 -0.039714 -0.023437 0.014167 -0.011794 0.013154
-10.737581 89.746204 2.406386 3.606743 -3.342046 -0.448326 -0.538887 -1.107055 0.215663 0.534970 0.233557 0.081563 0.041240 0.130154 0.068130 0.104128 0.020642 -0.002524 0.016207 0.038608 0.006152 0.064211 -0.006769 -0.018180 0.019462
12.193502 2.406386 25.639956 2.425326 -1.989867 -1.013152 -0.496995 -0.042361 0.275053 0.053854 -0.098997 -0.089385 0.036597 -0.010392 0.063725 0.032001 -0.004893 -0.024518 -0.025434 0.004048 0.013615 0.007253 0.011603 -0.015078 -0.005948
-10.095431 3.606743 2.425326 14.241915 0.442496 -0.272792 -0.275243 -0.101571 -0.162839 0.186667 0.147139 0.038026 0.082839 0.008632 0.038760 0.035497 0.007644 -0.000613 0.000373 0.013643 0.020268 0.009013 0.009109 -0.020772 -0.016461
0.591051 -3.342046 -1.989867 0.442496 5.452553 0.717614 0.071512 0.208658 -0.059669 0.042186 0.014059 0.045942 0.001771 -0.057842 0.017811 0.017057 0.033231 0.004635 0.009181 0.002490 -0.006310 -0.007581 -0.010675 0.000078 0.005389
3.680206 -0.448326 -1.013152 -0.272792 0.717614 2.711485 0.345886 0.006403 -0.072781 -0.047127 -0.059798 -0.054816 -0.020343 0.020477 0.008169 -0.003405 -0.001480 0.005187 0.007775 -0.003404 -0.008272 -0.000188 -0.002086 0.000624 -0.000231
0.593193 -0.538887 -0.496995 -0.275243 0.071512 0.345886 1.098201 0.141885 0.010286 0.044951 0.045876 -0.006085 0.014103 -0.008048 -0.018479 -0.004311 0.003790 0.001414 -0.000021 0.000088 -0.003025 -0.002237 -0.003635 -0.000615 0.001340
1.312163 -1.107055 -0.042361 -0.101571 0.208658 0.006403 0.141885 0.553302 0.053114 0.049660 -0.030015 0.015187 0.009771 -0.002808 0.007572 0.004427 -0.004526 -0.000903 -0.002579 0.001789 0.001261 -0.000042 -0.001445 -0.000337 -0.002545
0.536146 0.215663 0.275053 -0.162839 -0.059669 -0.072781 0.010286 0.053114 0.275773 0.013103 0.001488 0.004391 -0.006924 0.007541 -0.001490 -0.007014 -0.000843 -0.000736 0.003556 0.001079 -0.000439 -0.001077 0.001969 -0.001261 0.000076
-1.057444 0.534970 0.053854 0.186667 0.042186 -0.047127 0.044951 0.049660 0.013103 0.128525 0.009196 0.012843 0.001305 0.003631 -0.003390 0.001234 0.001449 -0.000701 0.001030 0.000354 -0.001051 0.001022 -0.000402 -0.000024 -0.000792
-0.866405 0.233557 -0.098997 0.147139 0.014059 -0.059798 0.045876 -0.030015 0.001488 0.009196 0.062504 0.008493 -0.001343 0.002648 0.000359 0.003545 0.002177 0.000776 -0.000611 0.000359 0.000310 0.000420 0.000367 0.000642 0.001213
-0.412411 0.081563 -0.089385 0.038026 0.045942 -0.054816 -0.006085 0.015187 0.004391 0.012843 0.008493 0.039777 0.002363 -0.001028 0.000994 0.001610 0.001442 0.000247 0.000162 0.000560 0.000010 -0.000061 -0.000048 0.000530 0.000953
0.028179 0.041240 0.036597 0.082839 0.001771 -0.020343 0.014103 0.009771 -0.006924 0.001305 -0.001343 0.002363 0.019795 -0.002613 0.000953 0.000400 0.000243 -0.000171 0.000566 -0.000326 0.001146 0.001282 0.000030 -0.000171 0.000042
0.011332 0.130154 -0.010392 0.008632 -0.057842 0.020477 -0.008048 -0.002808 0.007541 0.003631 0.002648 -0.001028 -0.002613 0.013353 0.000864 -0.000353 -0.000543 -0.001053 0.000668 -0.000029 0.000074 0.000289 0.000420 0.000129 0.000113
0.012567 0.068130 0.063725 0.038760 0.017811 0.008169 -0.018479 0.007572 -0.001490 -0.003390 0.000359 0.000994 0.000953 0.000864 0.008899 0.001546 0.000591 0.000014 -0.000251 0.000576 -0.000129 -0.000013 0.000161 -0.000226 0.000149
-0.091061 0.104128 0.032001 0.035497 0.017057 -0.003405 -0.004311 0.004427 -0.007014 0.001234 0.003545 0.001610 0.000400 -0.000353 0.001546 0.006221 0.000818 0.000596 0.000732 0.000670 -0.000224 -0.000357 -0.000328 -0.000259 0.000078
0.021217 0.020642 -0.004893 0.007644 0.033231 -0.001480 0.003790 -0.004526 -0.000843 0.001449 0.002177 0.001442 0.000243 -0.000543 0.000591 0.000818 0.002454 0.000454 0.000096 0.000001 -0.000064 0.000161 -0.000232 -0.000044 0.000125
-0.002952 -0.002524 -0.024518 -0.000613 0.004635 0.005187 0.001414 -0.000903 -0.000736 -0.000701 0.000776 0.000247 -0.000171 -0.001053 0.000014 0.000596 0.000454 0.002535 0.000722 0.000456 0.000144 -0.000047 -0.000064 0.000130 -0.000057
0.007111 0.016207 -0.025434 0.000373 0.009181 0.007775 -0.000021 -0.002579 0.003556 0.001030 -0.000611 0.000162 0.000566 0.000668 -0.000251 0.000732 0.000096 0.000722 0.001845 0.000776 0.000219 0.000051 0.000038 0.000067 0.000085
0.003543 0.038608 0.004048 0.013643 0.002490 -0.003404 0.000088 0.001789 0.001079 0.000354 0.000359 0.000560 -0.000326 -0.000029 0.000576 0.000670 0.000001 0.000456 0.000776 0.001265 0.000296 -0.000081 0.000037 -0.000007 -0.000027
-0.039714 0.006152 0.013615 0.020268 -0.006310 -0.008272 -0.003025 0.001261 -0.000439 -0.001051 0.000310 0.000010 0.001146 0.000074 -0.000129 -0.000224 -0.000064 0.000144 0.000219 0.000296 0.001189 0.000459 0.000232 0.000057 0.000004
-0.023437 0.064211 0.007253 0.009013 -0.007581 -0.000188 -0.002237 -0.000042 -0.001077 0.001022 0.000420 -0.000061 0.001282 0.000289 -0.000013 -0.000357 0.000161 -0.000047 0.000051 -0.000081 0.000459 0.000918 0.000167 -0.000066 0.000044
0.014167 -0.006769 0.011603 0.009109 -0.010675 -0.002086 -0.003635 -0.001445 0.001969 -0.000402 0.000367 -0.000048 0.000030 0.000420 0.000161 -0.000328 -0.000232 -0.000064 0.000038 0.000037 0.000232 0.000167 0.000492 0.000014 0.000025
-0.011794 -0.018180 -0.015078 -0.020772 0.000078 0.000624 -0.000615 -0.000337 -0.001261 -0.000024 0.000642 0.000530 -0.000171 0.000129 -0.000226 -0.000259 -0.000044 0.000130 0.000067 -0.000007 0.000057 -0.000066 0.000014 0.000419 0.000096
0.013154 0.019462 -0.005948 -0.016461 0.005389 -0.000231 0.001340 -0.002545 0.000076 -0.000792 0.001213 0.000953 0.000042 0.000113 0.000149 0.000078 0.000125 -0.000057 0.000085 -0.000027 0.000004 0.000044 0.000025 0.000096 0.000342
