# rp  wgg  wgg_err  wgp  wgp_err  wpp  wpp_err
366.432093 26.229200 13.167426 -5.294631 -4.996020 2.174344 3.890848 -0.860225 1.407973 0.083988 -0.688051 -0.980269 -0.563948 -0.218626 -0.211669 -0.130282 -0.226887 -0.163971 -0.127070 -0.040774 0.016417 0.032543 0.090967 0.123502 0.013014
26.229200 203.442841 7.060071 20.729256 -1.853475 -3.705435 -0.056000 -3.552145 -0.137403 2.057662 -0.268255 0.043718 0.237053 -0.036364 -0.075366 0.152565 0.087997 0.006061 -0.050183 0.051599 0.034273 0.072524 0.114775 0.028555 -0.061327
13.167426 7.060071 59.015787 3.107771 -2.587597 -0.142039 -1.144174 -0.883693 1.434534 -0.635323 -0.463160 0.070399 0.204640 -0.208470 0.017469 0.103443 0.113418 -0.100492 0.040333 0.068709 0.052412 0.033925 0.021355 -0.020455 -0.015284
-5.294631 20.729256 3.107771 26.744772 1.239466 -0.149751 0.127817 -0.852916 -0.161346 0.331855 -0.278608 -0.149136 0.051158 0.047592 -0.060217 -0.096130 -0.008788 0.050535 0.035389 0.023984 -0.000581 0.002957 0.041692 -0.005038 -0.017953
-4.996020 -1.853475 -2.587597 1.239466 10.528592 1.720007 -0.151924 -0.489786 -0.009426 -0.043525 0.100852 0.001050 -0.070740 -0.040897 0.038398 -0.015198 0.013093 0.010762 0.030679 0.012508 0.002484 -0.010493 -0.010965 -0.011025 -0.008032
2.174344 -3.705435 -0.142039 -0.149751 1.720007 5.224342 0.717665 0.102275 -0.161560 -0.063746 0.003447 -0.047617 -0.038015 -0.026916 -0.035451 -0.005911 -0.007298 0.005243 0.012521 -0.000595 0.002519 -0.010597 -0.003930 -0.002602 -0.009236
3.890848 -0.056000 -1.144174 0.127817 -0.151924 0.717665 2.409913 0.127803 0.032287 0.007601 0.033605 -0.040839 0.006455 -0.033563 -0.054937 -0.020543 -0.002829 -0.001122 -0.003307 -0.007611 0.002276 -0.015264 -0.010467 -0.002441 0.003848
-0.860225 -3.552145 -0.883693 -0.852916 -0.489786 0.102275 0.127803 1.149106 -0.010980 0.054415 -0.071116 0.044973 0.003726 -0.008168 0.017622 0.010748 -0.012464 -0.000982 0.002394 0.004376 0.000092 0.006224 -0.004533 -0.001439 -0.003821
1.407973 -0.137403 1.434534 -0.161346 -0.009426 -0.161560 0.032287 -0.010980 0.567513 -0.010492 -0.003120 -0.026943 -0.003441 0.019096 0.010834 -0.010675 0.004999 -0.005079 -0.000612 0.001327 -0.000341 0.001138 0.000311 0.001040 -0.003456
0.083988 2.057662 -0.635323 0.331855 -0.043525 -0.063746 0.007601 0.054415 -0.010492 0.385544 0.020198 0.024796 0.029772 0.013633 -0.009884 0.008725 -0.005048 0.004488 0.009251 -0.001795 0.001982 0.006438 0.004291 0.001142 -0.003124
-0.688051 -0.268255 -0.463160 -0.278608 0.100852 0.003447 0.033605 -0.071116 -0.003120 0.020198 0.139913 0.028424 0.006309 0.007472 0.001551 0.005572 0.004328 0.001013 -0.000848 -0.001859 -0.000563 -0.002232 -0.000059 -0.000059 -0.000592
-0.980269 0.043718 0.070399 -0.149136 0.001050 -0.047617 -0.040839 0.044973 -0.026943 0.024796 0.028424 0.092701 0.001031 -0.002259 -0.000805 0.006472 0.002527 -0.000303 0.000303 -0.001745 0.000286 0.000064 -0.000217 -0.000197 -0.000813
-0.563948 0.237053 0.204640 0.051158 -0.070740 -0.038015 0.006455 0.003726 -0.003441 0.029772 0.006309 0.001031 0.052230 0.008016 -0.004599 -0.000268 -0.000331 -0.000415 0.001921 -0.000576 0.000539 0.001615 0.000684 0.000270 0.000646
-0.218626 -0.036364 -0.208470 0.047592 -0.040897 -0.026916 -0.033563 -0.008168 0.019096 0.013633 0.007472 -0.002259 0.008016 0.031154 0.002092 -0.002365 -0.000036 0.000433 0.000550 0.000163 -0.000086 -0.000038 0.000400 0.000594 -0.000356
-0.211669 -0.075366 0.017469 -0.060217 0.038398 -0.035451 -0.054937 0.017622 0.010834 -0.009884 0.001551 -0.000805 -0.004599 0.002092 0.018636 0.003532 0.000152 0.002039 -0.000822 -0.000315 -0.001035 0.000212 -0.000418 -0.000621 -0.000199
-0.130282 0.152565 0.103443 -0.096130 -0.015198 -0.005911 -0.020543 0.010748 -0.010675 0.008725 0.005572 0.006472 -0.000268 -0.002365 0.003532 0.014183 0.002268 0.002325 0.001385 0.000281 -0.000437 -0.000396 -0.000261 -0.000236 0.000103
-0.226887 0.087997 0.113418 -0.008788 0.013093 -0.007298 -0.002829 -0.012464 0.004999 -0.005048 0.004328 0.002527 -0.000331 -0.000036 0.000152 0.002268 0.007427 0.001136 0.000519 0.000016 0.000375 0.000281 -0.000362 0.000021 0.000123
-0.163971 0.006061 -0.100492 0.050535 0.010762 0.005243 -0.001122 -0.000982 -0.005079 0.004488 0.001013 -0.000303 -0.000415 0.000433 0.002039 0.002325 0.001136 0.006899 0.001949 -0.000319 0.000461 0.000236 0.000113 0.000217 0.000359
-0.127070 -0.050183 0.040333 0.035389 0.030679 0.012521 -0.003307 0.002394 -0.000612 0.009251 -0.000848 0.000303 0.001921 0.000550 -0.000822 0.001385 0.000519 0.001949 0.005422 0.002089 0.001170 0.000493 0.000495 0.000444 0.000155
-0.040774 0.051599 0.068709 0.023984 0.012508 -0.000595 -0.007611 0.004376 0.001327 -0.001795 -0.001859 -0.001745 -0.000576 0.000163 -0.000315 0.000281 0.000016 -0.000319 0.002089 0.002967 0.001127 0.000554 0.000325 0.000003 -0.000075
0.016417 0.034273 0.052412 -0.000581 0.002484 0.002519 0.002276 0.000092 -0.000341 0.001982 -0.000563 0.000286 0.000539 -0.000086 -0.001035 -0.000437 0.000375 0.000461 0.001170 0.001127 0.003087 0.001401 0.000401 0.000540 0.000031
0.032543 0.072524 0.033925 0.002957 -0.010493 -0.010597 -0.015264 0.006224 0.001138 0.006438 -0.002232 0.000064 0.001615 -0.000038 0.000212 -0.000396 0.000281 0.000236 0.000493 0.000554 0.001401 0.002548 0.000682 0.000248 0.000149
0.090967 0.114775 0.021355 0.041692 -0.010965 -0.003930 -0.010467 -0.004533 0.000311 0.004291 -0.000059 -0.000217 0.000684 0.000400 -0.000418 -0.000261 -0.000362 0.000113 0.000495 0.000325 0.000401 0.000682 0.001735 0.000359 0.000057
0.123502 0.028555 -0.020455 -0.005038 -0.011025 -0.002602 -0.002441 -0.001439 0.001040 0.001142 -0.000059 -0.000197 0.000270 0.000594 -0.000621 -0.000236 0.000021 0.000217 0.000444 0.000003 0.000540 0.000248 0.000359 0.001119 0.000343
0.013014 -0.061327 -0.015284 -0.017953 -0.008032 -0.009236 0.003848 -0.003821 -0.003456 -0.003124 -0.000592 -0.000813 0.000646 -0.000356 -0.000199 0.000103 0.000123 0.000359 0.000155 -0.000075 0.000031 0.000149 0.000057 0.000343 0.001005
