# rp  wgg  wgg_err  wgp  wgp_err  wpp  wpp_err
452.624654 -14.484330 38.172207 -10.523701 3.568303 1.416776 2.696089 3.187877 1.895626 -0.038584 -1.217903 0.335651 0.755476 0.065519 0.193100 -0.039111 -0.008687 0.117867 0.026959 -0.079277 -0.134407 -0.102402 -0.062626 -0.150533 -0.014452
-14.484330 187.157191 8.042109 -0.017515 1.313829 6.323282 2.053353 0.266360 1.268395 0.704119 -0.363006 0.093623 -0.507470 0.163649 0.046049 0.141291 0.164213 0.095535 0.049550 -0.077986 -0.044200 0.095168 -0.054939 -0.029203 0.033141
38.172207 8.042109 80.607963 5.491117 -1.412496 1.531967 -0.758602 1.850444 0.101875 -0.457954 -0.368249 -0.575862 -0.089552 -0.106828 0.068487 0.080030 -0.073937 -0.047621 -0.057759 -0.020909 0.047757 0.012248 0.047806 -0.001327 -0.000919
-10.523701 -0.017515 5.491117 35.237566 2.832569 -0.290462 -0.999061 0.739139 -0.231496 0.222281 0.044243 -0.088179 0.057957 -0.033246 0.116364 0.115740 0.059860 0.025856 0.004838 0.034164 0.025136 0.009651 -0.019743 -0.050366 -0.016096
3.568303 1.313829 -1.412496 2.832569 9.523418 1.511253 0.556669 0.185033 -0.041919 0.212315 0.046662 0.141417 0.019114 -0.106669 0.059029 -0.041965 0.034911 -0.021075 -0.006146 -0.002199 -0.026940 -0.010692 -0.032075 -0.005055 0.012090
1.416776 6.323282 1.531967 -0.290462 1.511253 6.513378 0.751775 0.261387 -0.135991 -0.030690 0.040309 0.001305 -0.008971 0.058964 0.018873 -0.022374 0.038962 0.001963 0.017109 0.003491 -0.017395 -0.001951 -0.020358 -0.008113 0.002600
2.696089 2.053353 -0.758602 -0.999061 0.556669 0.751775 2.227047 -0.008904 -0.011083 0.045062 0.101652 -0.007952 0.014524 -0.007327 -0.003134 -0.000996 0.014465 0.004057 -0.000971 0.002995 -0.015773 -0.003971 -0.011201 -0.001678 0.003015
3.187877 0.266360 1.850444 0.739139 0.185033 0.261387 -0.008904 0.994000 0.128593 -0.010598 -0.001228 0.008901 0.041885 0.008740 0.017639 0.001422 0.003012 -0.009830 -0.002979 0.003098 0.014379 0.006756 0.002321 -0.000938 -0.000648
1.895626 1.268395 0.101875 -0.231496 -0.041919 -0.135991 -0.011083 0.128593 0.651732 0.023207 0.010302 0.002258 -0.004632 -0.002094 -0.007662 -0.004682 -0.005914 -0.005759 0.011504 -0.000515 -0.002076 -0.004521 0.000041 -0.001998 -0.001262
-0.038584 0.704119 -0.457954 0.222281 0.212315 -0.030690 0.045062 -0.010598 0.023207 0.234339 0.036592 0.016616 -0.011633 0.010907 0.003788 0.000516 0.004544 -0.000767 0.002723 0.002312 -0.001467 0.001089 -0.002090 0.000324 0.000848
-1.217903 -0.363006 -0.368249 0.044243 0.046662 0.040309 0.101652 -0.001228 0.010302 0.036592 0.150967 0.020649 -0.001927 0.013714 0.005167 0.001500 0.001009 -0.004443 -0.001455 0.003151 -0.000574 0.001885 0.001300 0.000600 0.002274
0.335651 0.093623 -0.575862 -0.088179 0.141417 0.001305 -0.007952 0.008901 0.002258 0.016616 0.020649 0.073170 0.008762 0.008355 -0.000901 -0.000620 0.002448 -0.000800 -0.000651 0.002344 -0.000174 -0.000121 -0.001078 0.000062 0.002043
0.755476 -0.507470 -0.089552 0.057957 0.019114 -0.008971 0.014524 0.041885 -0.004632 -0.011633 -0.001927 0.008762 0.051193 0.001799 0.005673 -0.001997 0.000925 -0.001886 -0.000445 0.000065 0.001537 0.001211 -0.000146 -0.001174 -0.000385
0.065519 0.163649 -0.106828 -0.033246 -0.106669 0.058964 -0.007327 0.008740 -0.002094 0.010907 0.013714 0.008355 0.001799 0.026668 0.004124 0.000780 0.000238 -0.001290 0.000816 0.000692 0.000243 -0.000711 0.000074 0.000090 0.000081
0.193100 0.046049 0.068487 0.116364 0.059029 0.018873 -0.003134 0.017639 -0.007662 0.003788 0.005167 -0.000901 0.005673 0.004124 0.016824 0.003760 0.001172 0.001458 0.001047 0.001903 0.000914 -0.000099 0.000393 -0.000327 0.000280
-0.039111 0.141291 0.080030 0.115740 -0.041965 -0.022374 -0.000996 0.001422 -0.004682 0.000516 0.001500 -0.000620 -0.001997 0.000780 0.003760 0.010856 0.002228 0.002629 0.000954 0.001040 0.000197 -0.000287 -0.000685 -0.000442 0.000005
-0.008687 0.164213 -0.073937 0.059860 0.034911 0.038962 0.014465 0.003012 -0.005914 0.004544 0.001009 0.002448 0.000925 0.000238 0.001172 0.002228 0.005474 0.001454 -0.000166 0.000314 0.000052 -0.000019 -0.000823 -0.000283 0.000290
0.117867 0.095535 -0.047621 0.025856 -0.021075 0.001963 0.004057 -0.009830 -0.005759 -0.000767 -0.004443 -0.000800 -0.001886 -0.001290 0.001458 0.002629 0.001454 0.005116 0.001112 0.001037 -0.000333 -0.000676 -0.000460 -0.000020 -0.000075
0.026959 0.049550 -0.057759 0.004838 -0.006146 0.017109 -0.000971 -0.002979 0.011504 0.002723 -0.001455 -0.000651 -0.000445 0.000816 0.001047 0.000954 -0.000166 0.001112 0.003325 0.000823 -0.000383 -0.000275 0.000250 0.000285 -0.000125
-0.079277 -0.077986 -0.020909 0.034164 -0.002199 0.003491 0.002995 0.003098 -0.000515 0.002312 0.003151 0.002344 0.000065 0.000692 0.001903 0.001040 0.000314 0.001037 0.000823 0.002331 0.000389 -0.000164 -0.000150 0.000168 0.000190
-0.134407 -0.044200 0.047757 0.025136 -0.026940 -0.017395 -0.015773 0.014379 -0.002076 -0.001467 -0.000574 -0.000174 0.001537 0.000243 0.000914 0.000197 0.000052 -0.000333 -0.000383 0.000389 0.002095 0.000785 0.000289 -0.000129 -0.000019
-0.102402 0.095168 0.012248 0.009651 -0.010692 -0.001951 -0.003971 0.006756 -0.004521 0.001089 0.001885 -0.000121 0.001211 -0.000711 -0.000099 -0.000287 -0.000019 -0.000676 -0.000275 -0.000164 0.000785 0.001695 0.000391 -0.000142 0.000092
-0.062626 -0.054939 0.047806 -0.019743 -0.032075 -0.020358 -0.011201 0.002321 0.000041 -0.002090 0.001300 -0.001078 -0.000146 0.000074 0.000393 -0.000685 -0.000823 -0.000460 0.000250 -0.000150 0.000289 0.000391 0.001360 0.000332 0.000157
-0.150533 -0.029203 -0.001327 -0.050366 -0.005055 -0.008113 -0.001678 -0.000938 -0.001998 0.000324 0.000600 0.000062 -0.001174 0.000090 -0.000327 -0.000442 -0.000283 -0.000020 0.000285 0.000168 -0.000129 -0.000142 0.000332 0.000791 0.000121
-0.014452 0.033141 -0.000919 -0.016096 0.012090 0.002600 0.003015 -0.000648 -0.001262 0.000848 0.002274 0.002043 -0.000385 0.000081 0.000280 0.000005 0.000290 -0.000075 -0.000125 0.000190 -0.000019 0.000092 0.000157 0.000121 0.000549
