# rp  wgg  wgg_err  wgp  wgp_err  wpp  wpp_err
46406.521751 7216.848742 3873.039703 1232.652537 2507.753182 1810.406771 888.993820 850.952933 543.547036 287.706850 220.999517 288.988800 114.056072 16.539690 4.033037 -8.134680 17.561514 1.430431 23.791083 34.246151 9.737145 27.131573 20.686505 20.719552 21.697516
7216.848742 22245.058015 2701.967260 1815.294548 1657.557797 1162.236294 522.434939 588.433441 565.806089 352.103814 334.275541 191.100572 196.774083 180.206578 183.306621 130.352208 129.299356 75.544750 78.897657 74.384628 44.616917 14.008606 -5.523153 7.259512 -3.002940
3873.039703 2701.967260 5654.278091 1082.787975 980.839688 565.516214 580.756159 366.533435 347.324067 146.942363 134.051898 123.346204 75.311416 79.781412 58.402008 36.756360 44.372142 26.690618 13.487188 15.054957 3.326401 -0.872754 -1.107726 0.183807 6.353729
1232.652537 1815.294548 1082.787975 2965.279531 847.163537 485.008540 274.114340 297.592624 233.703193 188.363627 126.083931 96.845830 62.158086 66.459005 60.957742 44.257456 40.481225 22.993448 11.330058 5.824922 -0.508735 -3.182467 -1.236714 -0.360275 8.054565
2507.753182 1657.557797 980.839688 847.163537 1431.115421 442.380669 230.961118 243.364312 195.435661 77.260885 76.757633 69.099699 44.632315 31.794152 32.450252 27.134116 25.508170 12.630771 10.227932 9.157504 2.165366 4.501569 0.679808 3.198445 8.003015
1810.406771 1162.236294 565.516214 485.008540 442.380669 603.317957 150.365920 119.656587 135.897456 69.386664 72.493819 48.321107 38.755957 28.670118 21.071348 16.698007 18.736407 11.205177 8.533332 7.572654 3.753816 3.802392 1.518481 2.716054 2.980896
888.993820 522.434939 580.756159 274.114340 230.961118 150.365920 269.105508 104.648974 86.024210 55.344094 44.068888 38.026324 22.277234 23.436023 15.749960 9.263711 7.402560 5.189739 5.908358 4.014677 0.190206 -0.354679 -0.604140 0.490291 2.150023
850.952933 588.433441 366.533435 297.592624 243.364312 119.656587 104.648974 161.541046 75.435023 42.174742 30.852637 28.450829 20.028434 17.625774 16.862855 10.705513 9.121640 6.054377 6.037105 4.792588 1.683800 0.958075 0.436625 1.198676 1.517841
543.547036 565.806089 347.324067 233.703193 195.435661 135.897456 86.024210 75.435023 100.135058 36.663684 33.471748 25.265727 20.716352 18.423362 15.089040 12.030617 11.264388 7.548005 6.410720 4.015619 1.307738 0.001867 -0.087314 0.513173 0.614342
287.706850 352.103814 146.942363 188.363627 77.260885 69.386664 55.344094 42.174742 36.663684 52.204581 23.175858 19.650005 15.338861 14.957043 11.339073 8.526072 7.515764 5.096608 3.772494 2.858950 0.913007 0.228872 0.176177 0.890991 1.166979
220.999517 334.275541 134.051898 126.083931 76.757633 72.493819 44.068888 30.852637 33.471748 23.175858 33.428640 16.137531 12.508796 11.012256 8.846071 7.253258 6.227444 4.054370 3.188193 3.534509 1.801082 0.488516 0.469500 0.558202 0.427100
288.988800 191.100572 123.346204 96.845830 69.099699 48.321107 38.026324 28.450829 25.265727 19.650005 16.137531 20.118902 11.311132 10.624006 7.698424 5.557402 5.136806 3.310113 2.504734 2.500383 0.895482 0.052997 0.468482 0.168911 0.318055
114.056072 196.774083 75.311416 62.158086 44.632315 38.755957 22.277234 20.028434 20.716352 15.338861 12.508796 11.311132 12.882654 9.257395 6.848327 5.575783 4.684235 3.197686 2.121184 2.076257 0.939264 0.236048 0.303356 0.266115 0.391867
16.539690 180.206578 79.781412 66.459005 31.794152 28.670118 23.436023 17.625774 18.423362 14.957043 11.012256 10.624006 9.257395 11.102952 7.583526 6.026454 5.195381 3.594681 2.499189 2.373906 1.086993 -0.086697 -0.088242 -0.036539 0.174202
4.033037 183.306621 58.402008 60.957742 32.450252 21.071348 15.749960 16.862855 15.089040 11.339073 8.846071 7.698424 6.848327 7.583526 7.707441 5.114482 4.517425 3.136757 2.410837 2.117530 1.023407 0.052328 -0.066692 0.083900 0.212047
-8.134680 130.352208 36.756360 44.257456 27.134116 16.698007 9.263711 10.705513 12.030617 8.526072 7.253258 5.557402 5.575783 6.026454 5.114482 5.495014 4.338418 3.093642 1.982668 1.763253 0.902631 0.100849 -0.036964 -0.038282 0.114840
17.561514 129.299356 44.372142 40.481225 25.508170 18.736407 7.402560 9.121640 11.264388 7.515764 6.227444 5.136806 4.684235 5.195381 4.517425 4.338418 4.601162 2.850108 1.935993 1.513082 0.693227 0.086216 -0.068080 0.049158 0.125065
1.430431 75.544750 26.690618 22.993448 12.630771 11.205177 5.189739 6.054377 7.548005 5.096608 4.054370 3.310113 3.197686 3.594681 3.136757 3.093642 2.850108 2.592562 1.815111 1.407178 0.750443 0.215676 -0.015035 -0.019234 0.095190
23.791083 78.897657 13.487188 11.330058 10.227932 8.533332 5.908358 6.037105 6.410720 3.772494 3.188193 2.504734 2.121184 2.499189 2.410837 1.982668 1.935993 1.815111 2.018254 1.572255 0.961147 0.405200 0.009525 -0.048316 -0.034101
34.246151 74.384628 15.054957 5.824922 9.157504 7.572654 4.014677 4.792588 4.015619 2.858950 3.534509 2.500383 2.076257 2.373906 2.117530 1.763253 1.513082 1.407178 1.572255 2.026703 1.313093 0.550114 0.078284 -0.080879 -0.044750
9.737145 44.616917 3.326401 -0.508735 2.165366 3.753816 0.190206 1.683800 1.307738 0.913007 1.801082 0.895482 0.939264 1.086993 1.023407 0.902631 0.693227 0.750443 0.961147 1.313093 1.199887 0.584237 0.073226 -0.040376 -0.048292
27.131573 14.008606 -0.872754 -3.182467 4.501569 3.802392 -0.354679 0.958075 0.001867 0.228872 0.488516 0.052997 0.236048 -0.086697 0.052328 0.100849 0.086216 0.215676 0.405200 0.550114 0.584237 0.828253 0.360777 0.100294 0.026586
20.686505 -5.523153 -1.107726 -1.236714 0.679808 1.518481 -0.604140 0.436625 -0.087314 0.176177 0.469500 0.468482 0.303356 -0.088242 -0.066692 -0.036964 -0.068080 -0.015035 0.009525 0.078284 0.073226 0.360777 0.528223 0.223018 0.020081
20.719552 7.259512 0.183807 -0.360275 3.198445 2.716054 0.490291 1.198676 0.513173 0.890991 0.558202 0.168911 0.266115 -0.036539 0.083900 -0.038282 0.049158 -0.019234 -0.048316 -0.080879 -0.040376 0.100294 0.223018 0.443068 0.194715
21.697516 -3.002940 6.353729 8.054565 8.003015 2.980896 2.150023 1.517841 0.614342 1.166979 0.427100 0.318055 0.391867 0.174202 0.212047 0.114840 0.125065 0.095190 -0.034101 -0.044750 -0.048292 0.026586 0.020081 0.194715 0.340633
