# rp  wgg  wgg_err  wgp  wgp_err  wpp  wpp_err
33160.705087 4633.877524 134.850347 949.272540 -68.697161 -413.991804 261.347816 283.908082 67.730667 124.575776 103.914381 54.952449 146.118457 152.915679 87.516324 83.418221 56.025272 40.337219 10.360324 -9.395077 -18.403560 -7.800983 -10.920131 -17.023549 7.697445
4633.877524 17766.764488 1009.972779 176.517182 867.547530 524.151801 -403.742469 243.559977 19.599055 40.524846 12.535220 65.370180 52.483384 41.003409 -1.647993 0.277435 -2.621167 -7.593657 -18.511444 -12.608213 -13.677311 -6.039572 3.593938 1.811953 -1.241190
134.850347 1009.972779 9380.411069 2095.638768 1391.215987 1158.259365 719.638205 459.815008 132.685790 230.947596 182.285972 116.103090 95.024821 63.623331 44.859387 41.012624 32.113473 19.662468 15.380721 2.518868 -6.875117 1.994511 -1.741363 2.674460 0.064168
949.272540 176.517182 2095.638768 2616.045573 804.313248 475.316286 443.939029 270.521644 119.397032 143.358127 92.813248 90.175626 74.610294 52.588496 39.037536 25.617525 26.670631 12.979829 10.083255 4.401139 0.426808 2.186363 -2.035874 -0.431124 -0.879022
-68.697161 867.547530 1391.215987 804.313248 1245.261142 511.260294 294.627468 205.108381 128.319292 83.102622 61.615042 48.509230 46.265015 30.470523 19.551797 12.984966 15.083655 7.780526 3.725131 -0.410643 -3.762057 -2.094064 -5.207011 -0.974409 -1.438153
-413.991804 524.151801 1158.259365 475.316286 511.260294 615.594763 142.559042 95.779230 70.209079 53.362088 47.792590 29.906285 24.639174 17.642717 13.381462 11.739822 11.212962 6.141312 3.463774 2.153856 -0.475419 0.452632 -3.179273 -0.802744 -1.906257
261.347816 -403.742469 719.638205 443.939029 294.627468 142.559042 325.940706 114.762983 68.564804 58.699471 36.905796 34.589320 27.885057 19.848108 18.182419 17.896016 13.405022 7.776618 4.437755 1.270331 0.302867 1.023286 -1.517755 -0.372806 0.817305
283.908082 243.559977 459.815008 270.521644 205.108381 95.779230 114.762983 168.871494 41.504504 40.152147 23.845970 21.834059 22.661562 12.100826 9.371750 7.628180 5.867511 2.394248 2.098511 0.240739 -1.416994 0.286037 -1.965273 -0.662772 0.046846
67.730667 19.599055 132.685790 119.397032 128.319292 70.209079 68.564804 41.504504 75.463888 28.345190 12.226764 12.118342 16.530460 9.647941 7.747755 7.092179 6.835299 3.894293 3.188582 1.570280 -0.241849 -0.842041 -0.991540 -0.240278 0.191101
124.575776 40.524846 230.947596 143.358127 83.102622 53.362088 58.699471 40.152147 28.345190 34.999820 12.234998 9.956996 11.858418 7.474718 4.956971 5.139468 4.842241 3.371791 1.871214 0.956838 -0.440512 -0.112153 -0.563030 -0.236034 0.010750
103.914381 12.535220 182.285972 92.813248 61.615042 47.792590 36.905796 23.845970 12.226764 12.234998 21.109515 9.269339 7.797717 6.737838 5.141698 3.843409 2.989460 1.766643 0.985281 0.354312 -0.170933 0.084356 -0.346049 0.011550 0.262041
54.952449 65.370180 116.103090 90.175626 48.509230 29.906285 34.589320 21.834059 12.118342 9.956996 9.269339 12.689216 6.874527 4.674714 3.131532 2.850772 2.704147 1.723430 0.957906 0.411980 -0.168692 0.006694 -0.008576 0.099887 -0.082701
146.118457 52.483384 95.024821 74.610294 46.265015 24.639174 27.885057 22.661562 16.530460 11.858418 7.797717 6.874527 12.058683 5.903280 4.467593 3.846304 3.493961 2.170412 1.435219 0.789462 0.037752 0.050532 -0.427589 -0.161331 -0.075857
152.915679 41.003409 63.623331 52.588496 30.470523 17.642717 19.848108 12.100826 9.647941 7.474718 6.737838 4.674714 5.903280 6.062473 3.737320 3.383482 2.606672 1.756207 1.098280 0.613266 0.153159 0.064017 -0.292144 -0.114406 -0.020512
87.516324 -1.647993 44.859387 39.037536 19.551797 13.381462 18.182419 9.371750 7.747755 4.956971 5.141698 3.131532 4.467593 3.737320 4.068493 3.143627 2.416469 1.589122 1.053339 0.626624 0.377077 0.158179 -0.252898 -0.045916 0.110912
83.418221 0.277435 41.012624 25.617525 12.984966 11.739822 17.896016 7.628180 7.092179 5.139468 3.843409 2.850772 3.846304 3.383482 3.143627 3.753035 2.553967 1.879691 1.180030 0.737472 0.416207 0.200019 -0.256597 -0.076013 0.098648
56.025272 -2.621167 32.113473 26.670631 15.083655 11.212962 13.405022 5.867511 6.835299 4.842241 2.989460 2.704147 3.493961 2.606672 2.416469 2.553967 2.502728 1.632071 1.078149 0.659797 0.317991 0.096563 -0.138907 -0.025092 0.004964
40.337219 -7.593657 19.662468 12.979829 7.780526 6.141312 7.776618 2.394248 3.894293 3.371791 1.766643 1.723430 2.170412 1.756207 1.589122 1.879691 1.632071 1.559911 0.942454 0.603101 0.281308 0.134938 -0.106737 -0.049425 0.008994
10.360324 -18.511444 15.380721 10.083255 3.725131 3.463774 4.437755 2.098511 3.188582 1.871214 0.985281 0.957906 1.435219 1.098280 1.053339 1.180030 1.078149 0.942454 1.129204 0.679753 0.364108 0.125420 -0.071901 -0.025662 0.034472
-9.395077 -12.608213 2.518868 4.401139 -0.410643 2.153856 1.270331 0.240739 1.570280 0.956838 0.354312 0.411980 0.789462 0.613266 0.626624 0.737472 0.659797 0.603101 0.679753 0.692840 0.460202 0.251928 0.088441 0.033012 0.015369
-18.403560 -13.677311 -6.875117 0.426808 -3.762057 -0.475419 0.302867 -1.416994 -0.241849 -0.440512 -0.170933 -0.168692 0.037752 0.153159 0.377077 0.416207 0.317991 0.281308 0.364108 0.460202 0.602252 0.332224 0.139680 0.067200 0.047909
-7.800983 -6.039572 1.994511 2.186363 -2.094064 0.452632 1.023286 0.286037 -0.842041 -0.112153 0.084356 0.006694 0.050532 0.064017 0.158179 0.200019 0.096563 0.134938 0.125420 0.251928 0.332224 0.413872 0.220565 0.104256 0.021529
-10.920131 3.593938 -1.741363 -2.035874 -5.207011 -3.179273 -1.517755 -1.965273 -0.991540 -0.563030 -0.346049 -0.008576 -0.427589 -0.292144 -0.252898 -0.256597 -0.138907 -0.106737 -0.071901 0.088441 0.139680 0.220565 0.468854 0.212148 0.015713
-17.023549 1.811953 2.674460 -0.431124 -0.974409 -0.802744 -0.372806 -0.662772 -0.240278 -0.236034 0.011550 0.099887 -0.161331 -0.114406 -0.045916 -0.076013 -0.025092 -0.049425 -0.025662 0.033012 0.067200 0.104256 0.212148 0.265086 0.087083
7.697445 -1.241190 0.064168 -0.879022 -1.438153 -1.906257 0.817305 0.046846 0.191101 0.010750 0.262041 -0.082701 -0.075857 -0.020512 0.110912 0.098648 0.004964 0.008994 0.034472 0.015369 0.047909 0.021529 0.015713 0.087083 0.213038
