# rp  wgg  wgg_err  wgp  wgp_err  wpp  wpp_err
150.991941 -9.224452 -0.879274 -4.801502 6.870201 -3.657335 0.201639 -0.589862 -0.810662 0.183091 -0.269332 -0.260143 -0.046432 0.096703 0.020893 0.112699 -0.007517 0.020831 0.004869 -0.093547 -0.067823 -0.040931 -0.020571 0.040856 -0.011065
-9.224452 66.340640 3.070165 1.680477 -1.630443 1.217983 -0.956971 -0.037607 0.125258 -0.103841 -0.142146 0.007700 0.034140 0.022425 0.019607 -0.087789 0.020472 -0.000876 0.054240 0.035928 0.028329 -0.009702 0.031813 -0.001315 -0.014424
-0.879274 3.070165 22.258376 1.297583 -0.308882 0.348957 0.157633 -0.264138 -0.133426 -0.151595 0.075727 -0.073128 -0.005857 -0.004644 -0.012296 0.014089 -0.034633 0.005672 0.022362 0.001248 0.024029 0.016797 0.012402 -0.004172 -0.010920
-4.801502 1.680477 1.297583 10.784383 -0.370252 0.682954 0.019130 0.110431 0.160780 -0.006004 0.101948 0.066434 -0.030463 0.018894 -0.018405 -0.020583 0.004950 0.008051 0.001810 0.001853 0.007032 0.006217 0.003330 0.006257 0.002607
6.870201 -1.630443 -0.308882 -0.370252 5.969121 0.473698 0.139669 0.191985 0.030671 0.004030 0.086991 0.035714 0.036287 0.013572 0.043016 0.024229 0.007447 -0.002323 0.026786 -0.013191 -0.004288 0.010835 -0.006316 0.001303 -0.005882
-3.657335 1.217983 0.348957 0.682954 0.473698 2.992845 -0.005025 -0.014266 0.164959 0.039093 0.033843 0.000384 -0.080277 0.025870 0.007227 -0.004858 0.009682 0.001280 0.012941 0.000561 0.002033 -0.002399 0.004272 -0.002988 0.002735
0.201639 -0.956971 0.157633 0.019130 0.139669 -0.005025 1.132008 0.073754 0.014415 -0.002786 -0.048219 -0.009689 0.004256 -0.011148 -0.017736 0.003125 0.001742 0.009302 0.000703 0.000626 -0.000363 -0.000180 -0.001962 0.002730 0.000849
-0.589862 -0.037607 -0.264138 0.110431 0.191985 -0.014266 0.073754 0.452522 -0.000565 0.005468 -0.003091 0.018089 0.011397 0.010381 0.004490 -0.006291 0.003061 -0.001664 0.000151 0.001594 0.000401 -0.000294 -0.004654 -0.000984 -0.001642
-0.810662 0.125258 -0.133426 0.160780 0.030671 0.164959 0.014415 -0.000565 0.276237 0.020267 -0.005765 -0.008396 -0.002646 0.000740 -0.001389 0.002349 -0.001311 0.001900 0.001610 0.000051 0.002717 0.002433 -0.000356 -0.000371 -0.000039
0.183091 -0.103841 -0.151595 -0.006004 0.004030 0.039093 -0.002786 0.005468 0.020267 0.119126 0.014897 0.005123 0.004401 -0.002538 0.001170 0.000180 0.003137 -0.000456 0.000355 0.000631 -0.000378 -0.000305 0.001308 0.000476 -0.000035
-0.269332 -0.142146 0.075727 0.101948 0.086991 0.033843 -0.048219 -0.003091 -0.005765 0.014897 0.082328 0.007669 0.000244 -0.005641 -0.001063 0.001991 0.001640 -0.001447 -0.001300 -0.001387 0.000332 0.001302 0.000870 0.000643 -0.000329
-0.260143 0.007700 -0.073128 0.066434 0.035714 0.000384 -0.009689 0.018089 -0.008396 0.005123 0.007669 0.040725 0.007535 0.001126 0.005793 -0.001837 -0.000540 -0.000051 -0.000338 -0.000746 -0.000380 0.000491 0.000502 0.000080 -0.000411
-0.046432 0.034140 -0.005857 -0.030463 0.036287 -0.080277 0.004256 0.011397 -0.002646 0.004401 0.000244 0.007535 0.022721 0.002396 0.003196 0.001490 0.001149 0.000343 -0.000196 -0.000528 0.000110 0.000263 -0.000195 -0.000088 -0.000258
0.096703 0.022425 -0.004644 0.018894 0.013572 0.025870 -0.011148 0.010381 0.000740 -0.002538 -0.005641 0.001126 0.002396 0.014387 0.004434 0.000126 0.000545 0.000357 0.000354 -0.000778 -0.000055 -0.000855 -0.000391 -0.000137 0.000156
0.020893 0.019607 -0.012296 -0.018405 0.043016 0.007227 -0.017736 0.004490 -0.001389 0.001170 -0.001063 0.005793 0.003196 0.004434 0.007840 0.001620 0.001592 0.000613 0.000643 0.000123 0.000237 -0.000251 -0.000186 -0.000239 -0.000042
0.112699 -0.087789 0.014089 -0.020583 0.024229 -0.004858 0.003125 -0.006291 0.002349 0.000180 0.001991 -0.001837 0.001490 0.000126 0.001620 0.004551 0.001638 0.000832 -0.000030 0.000264 0.000197 0.000231 0.000035 0.000283 -0.000196
-0.007517 0.020472 -0.034633 0.004950 0.007447 0.009682 0.001742 0.003061 -0.001311 0.003137 0.001640 -0.000540 0.001149 0.000545 0.001592 0.001638 0.003141 0.000546 -0.000063 0.000217 0.000329 -0.000180 -0.000029 0.000256 0.000019
0.020831 -0.000876 0.005672 0.008051 -0.002323 0.001280 0.009302 -0.001664 0.001900 -0.000456 -0.001447 -0.000051 0.000343 0.000357 0.000613 0.000832 0.000546 0.002259 0.000619 0.000378 0.000190 0.000130 0.000306 0.000093 0.000080
0.004869 0.054240 0.022362 0.001810 0.026786 0.012941 0.000703 0.000151 0.001610 0.000355 -0.001300 -0.000338 -0.000196 0.000354 0.000643 -0.000030 -0.000063 0.000619 0.001863 0.000498 0.000196 -0.000015 0.000046 -0.000095 0.000028
-0.093547 0.035928 0.001248 0.001853 -0.013191 0.000561 0.000626 0.001594 0.000051 0.000631 -0.001387 -0.000746 -0.000528 -0.000778 0.000123 0.000264 0.000217 0.000378 0.000498 0.001087 0.000242 -0.000078 -0.000052 -0.000113 -0.000046
-0.067823 0.028329 0.024029 0.007032 -0.004288 0.002033 -0.000363 0.000401 0.002717 -0.000378 0.000332 -0.000380 0.000110 -0.000055 0.000237 0.000197 0.000329 0.000190 0.000196 0.000242 0.000796 0.000181 0.000071 0.000010 -0.000027
-0.040931 -0.009702 0.016797 0.006217 0.010835 -0.002399 -0.000180 -0.000294 0.002433 -0.000305 0.001302 0.000491 0.000263 -0.000855 -0.000251 0.000231 -0.000180 0.000130 -0.000015 -0.000078 0.000181 0.000862 0.000182 0.000011 -0.000000
-0.020571 0.031813 0.012402 0.003330 -0.006316 0.004272 -0.001962 -0.004654 -0.000356 0.001308 0.000870 0.000502 -0.000195 -0.000391 -0.000186 0.000035 -0.000029 0.000306 0.000046 -0.000052 0.000071 0.000182 0.000559 0.000113 -0.000013
0.040856 -0.001315 -0.004172 0.006257 0.001303 -0.002988 0.002730 -0.000984 -0.000371 0.000476 0.000643 0.000080 -0.000088 -0.000137 -0.000239 0.000283 0.000256 0.000093 -0.000095 -0.000113 0.000010 0.000011 0.000113 0.000470 0.000089
-0.011065 -0.014424 -0.010920 0.002607 -0.005882 0.002735 0.000849 -0.001642 -0.000039 -0.000035 -0.000329 -0.000411 -0.000258 0.000156 -0.000042 -0.000196 0.000019 0.000080 0.000028 -0.000046 -0.000027 -0.000000 -0.000013 0.000089 0.000271
