# rp  wgg  wgg_err  wgp  wgp_err  wpp  wpp_err
13099.691297 1915.806626 229.686037 104.482631 778.132497 224.114597 217.049595 172.602479 136.730182 156.280985 125.324721 73.548845 47.034091 35.996145 18.188740 10.667632 2.379366 -3.718433 -6.726386 -2.675148 -4.129805 -3.902574 -1.384746 -2.667458 0.190377
1915.806626 5847.992592 362.148846 181.800978 373.234036 108.519197 187.908934 112.277749 74.997625 78.398515 26.602761 35.737726 45.850122 29.194592 29.583936 9.609084 8.418742 0.245482 4.915665 1.712873 -0.547736 0.212484 -0.070078 -2.040348 0.925673
229.686037 362.148846 2179.965078 304.519478 223.038792 51.651722 71.547904 78.425135 41.544880 45.697362 36.116186 29.687059 18.454437 9.178428 1.340051 0.675453 0.443058 1.992108 5.372349 3.876844 2.494595 -1.255138 -2.541492 -3.029620 0.804895
104.482631 181.800978 304.519478 1061.037546 117.497877 95.493153 81.919255 58.496797 44.133976 37.348409 26.507155 17.048757 17.759562 14.714560 8.027797 5.779775 1.988739 2.044737 -1.017561 -0.477432 -1.968339 -0.975233 1.942971 1.770375 0.840265
778.132497 373.234036 223.038792 117.497877 513.143356 116.943302 72.316413 42.985356 45.667964 27.354812 18.509249 16.643589 8.744477 5.844213 6.517768 2.467290 1.614924 0.252439 1.236169 -0.727067 -1.897665 -1.012287 -0.535077 0.131130 1.691902
224.114597 108.519197 51.651722 95.493153 116.943302 238.471824 56.110333 47.092527 32.403887 23.723879 12.605980 10.249463 11.114531 3.678360 5.705663 2.148207 1.584628 0.175632 1.061913 0.812457 -1.199041 -1.081683 0.175196 0.747620 1.069950
217.049595 187.908934 71.547904 81.919255 72.316413 56.110333 98.194804 25.389715 26.045458 17.134947 13.145188 7.705515 10.365318 5.383721 5.254244 1.754901 2.334216 1.674829 1.443492 0.657113 -0.223170 -0.059212 0.199852 0.220447 0.691195
172.602479 112.277749 78.425135 58.496797 42.985356 47.092527 25.389715 50.161584 23.204349 17.403446 9.334769 5.053512 5.440937 3.000077 3.166235 1.605323 0.951276 0.986437 1.389948 0.971750 0.125371 -0.288070 -0.115067 -0.084095 0.271518
136.730182 74.997625 41.544880 44.133976 45.667964 32.403887 26.045458 23.204349 33.411851 14.042881 8.718650 6.901003 5.458901 3.317558 3.817598 2.585914 1.766098 1.518795 0.886783 0.832885 0.195777 -0.120926 -0.158581 -0.008658 0.286902
156.280985 78.398515 45.697362 37.348409 27.354812 23.723879 17.134947 17.403446 14.042881 21.369579 8.545448 5.644066 5.005746 3.163262 2.913557 2.027383 1.284543 0.900999 0.872978 0.687700 0.086224 -0.172682 0.063017 -0.063526 0.056942
125.324721 26.602761 36.116186 26.507155 18.509249 12.605980 13.145188 9.334769 8.718650 8.545448 10.251537 4.426028 3.509317 1.977933 1.605131 0.937282 0.730411 0.734287 0.751267 0.671266 0.099097 -0.086048 0.043951 -0.025612 0.141780
73.548845 35.737726 29.687059 17.048757 16.643589 10.249463 7.705515 5.053512 6.901003 5.644066 4.426028 5.898058 2.959574 1.557892 1.470533 0.737485 0.510253 0.317508 0.245810 0.224641 0.101181 -0.070808 -0.023339 -0.065116 0.029760
47.034091 45.850122 18.454437 17.759562 8.744477 11.114531 10.365318 5.440937 5.458901 5.005746 3.509317 2.959574 4.666973 2.269966 1.723871 1.230667 0.814007 0.595331 0.410466 0.419134 0.170388 -0.054793 -0.033212 -0.065335 0.044265
35.996145 29.194592 9.178428 14.714560 5.844213 3.678360 5.383721 3.000077 3.317558 3.163262 1.977933 1.557892 2.269966 2.646766 1.633377 1.252607 0.887065 0.615459 0.459624 0.363409 0.208231 0.062969 -0.055589 -0.130379 -0.030639
18.188740 29.583936 1.340051 8.027797 6.517768 5.705663 5.254244 3.166235 3.817598 2.913557 1.605131 1.470533 1.723871 1.633377 1.888642 1.037691 0.804548 0.584984 0.390482 0.290161 0.169153 -0.003184 -0.080052 -0.082588 0.020674
10.667632 9.609084 0.675453 5.779775 2.467290 2.148207 1.754901 1.605323 2.585914 2.027383 0.937282 0.737485 1.230667 1.252607 1.037691 1.161838 0.721331 0.467241 0.354343 0.296082 0.163197 0.035759 -0.006591 -0.021721 0.011173
2.379366 8.418742 0.443058 1.988739 1.614924 1.584628 2.334216 0.951276 1.766098 1.284543 0.730411 0.510253 0.814007 0.887065 0.804548 0.721331 0.801851 0.502695 0.389349 0.281192 0.153122 0.062775 0.033505 0.008672 -0.023553
-3.718433 0.245482 1.992108 2.044737 0.252439 0.175632 1.674829 0.986437 1.518795 0.900999 0.734287 0.317508 0.595331 0.615459 0.584984 0.467241 0.502695 0.628496 0.448151 0.269873 0.126822 0.023427 -0.011821 -0.019844 -0.031009
-6.726386 4.915665 5.372349 -1.017561 1.236169 1.061913 1.443492 1.389948 0.886783 0.872978 0.751267 0.245810 0.410466 0.459624 0.390482 0.354343 0.389349 0.448151 0.544334 0.322375 0.141997 0.047473 -0.011565 -0.034506 -0.025678
-2.675148 1.712873 3.876844 -0.477432 -0.727067 0.812457 0.657113 0.971750 0.832885 0.687700 0.671266 0.224641 0.419134 0.363409 0.290161 0.296082 0.281192 0.269873 0.322375 0.373738 0.226398 0.079973 0.017840 -0.028662 -0.022736
-4.129805 -0.547736 2.494595 -1.968339 -1.897665 -1.199041 -0.223170 0.125371 0.195777 0.086224 0.099097 0.101181 0.170388 0.208231 0.169153 0.163197 0.153122 0.126822 0.141997 0.226398 0.293969 0.104132 0.020006 -0.006917 -0.004720
-3.902574 0.212484 -1.255138 -0.975233 -1.012287 -1.081683 -0.059212 -0.288070 -0.120926 -0.172682 -0.086048 -0.070808 -0.054793 0.062969 -0.003184 0.035759 0.062775 0.023427 0.047473 0.079973 0.104132 0.163549 0.093935 0.027559 -0.003572
-1.384746 -0.070078 -2.541492 1.942971 -0.535077 0.175196 0.199852 -0.115067 -0.158581 0.063017 0.043951 -0.023339 -0.033212 -0.055589 -0.080052 -0.006591 0.033505 -0.011821 -0.011565 0.017840 0.020006 0.093935 0.201171 0.093155 0.013137
-2.667458 -2.040348 -3.029620 1.770375 0.131130 0.747620 0.220447 -0.084095 -0.008658 -0.063526 -0.025612 -0.065116 -0.065335 -0.130379 -0.082588 -0.021721 0.008672 -0.019844 -0.034506 -0.028662 -0.006917 0.027559 0.093155 0.127866 0.046991
0.190377 0.925673 0.804895 0.840265 1.691902 1.069950 0.691195 0.271518 0.286902 0.056942 0.141780 0.029760 0.044265 -0.030639 0.020674 0.011173 -0.023553 -0.031009 -0.025678 -0.022736 -0.004720 -0.003572 0.013137 0.046991 0.086724
