# rp  wgg  wgg_err  wgp  wgp_err  wpp  wpp_err
23946.560822 3300.730052 492.005198 1009.918099 1630.288236 568.848110 594.986358 435.969239 297.492395 311.218514 215.028371 107.033282 76.083926 53.658378 59.179303 34.863257 38.295987 -5.766794 9.463542 9.009434 13.530992 2.842825 -9.782992 2.244633 9.905799
3300.730052 12957.648715 593.185446 387.335723 517.124508 657.949727 447.317871 291.694612 241.246850 166.685042 139.842779 117.470743 183.134703 84.979563 91.366214 57.684720 39.342143 14.675091 16.050229 11.230671 11.467369 5.600944 -1.502085 -5.753218 5.217061
492.005198 593.185446 3912.236724 239.119695 304.376066 176.451111 182.983078 155.239511 116.800476 56.080783 56.090207 35.804060 18.026157 15.300492 14.328973 2.175083 9.192435 11.041201 17.191124 3.922101 1.141407 -4.842856 -2.913937 -2.694341 0.758389
1009.918099 387.335723 239.119695 2048.090523 472.561482 284.378754 246.454515 180.181380 158.734714 112.287061 101.109950 63.172276 59.000892 43.018105 33.712368 18.539236 11.741972 13.606616 3.654720 4.195937 -0.221160 -1.163181 4.393500 4.777104 3.727621
1630.288236 517.124508 304.376066 472.561482 1112.305465 263.853559 207.060997 150.829516 155.504592 84.296705 66.074766 41.841339 32.559902 22.578244 27.262758 13.281203 12.470437 6.217281 9.839014 5.800077 3.715111 0.757152 0.451897 1.559571 5.733844
568.848110 657.949727 176.451111 284.378754 263.853559 471.530637 163.903275 91.817362 60.746898 38.149876 26.439440 30.284364 28.096744 10.832166 12.626413 9.630889 7.481931 3.077167 3.827959 -1.483692 -2.277680 -2.267199 0.785629 1.323111 1.963636
594.986358 447.317871 182.983078 246.454515 207.060997 163.903275 262.373395 102.906714 91.462430 39.977552 29.935426 24.732838 27.726444 14.427366 12.278855 7.133781 8.616139 7.143922 6.703673 4.266695 1.590023 -0.397567 0.648761 1.347226 2.551647
435.969239 291.694612 155.239511 180.181380 150.829516 91.817362 102.906714 112.354342 57.474608 32.264371 24.674006 14.369178 17.132477 10.968614 10.848275 6.730065 6.032869 4.491137 5.672435 3.602351 1.958659 1.001382 0.751947 0.658015 1.434225
297.492395 241.246850 116.800476 158.734714 155.504592 60.746898 91.462430 57.474608 89.197154 33.974808 25.461041 19.103500 18.030262 10.041851 11.065026 6.147995 5.916747 5.842882 3.958126 2.343781 0.951417 -0.348460 0.196040 0.668900 1.177579
311.218514 166.685042 56.080783 112.287061 84.296705 38.149876 39.977552 32.264371 33.974808 49.797581 16.741050 15.068696 11.927674 7.997615 7.447970 4.455683 3.276407 2.619980 2.303425 1.824096 1.040356 -0.396717 0.022190 0.146595 0.538607
215.028371 139.842779 56.090207 101.109950 66.074766 26.439440 29.935426 24.674006 25.461041 16.741050 24.475270 10.660065 10.005917 6.930936 5.546293 3.556299 3.062682 2.147922 1.592884 1.437287 0.486355 -0.179616 0.463747 0.569030 0.592899
107.033282 117.470743 35.804060 63.172276 41.841339 30.284364 24.732838 14.369178 19.103500 15.068696 10.660065 13.431559 8.776379 4.973243 4.182560 2.334099 1.472666 1.174779 0.963641 0.693246 0.381943 -0.022507 0.221770 0.314233 0.390315
76.083926 183.134703 18.026157 59.000892 32.559902 28.096744 27.726444 17.132477 18.030262 11.927674 10.005917 8.776379 13.590917 6.468757 5.143538 3.517355 3.045326 1.790923 1.292666 1.040443 0.368929 -0.046656 0.520431 0.521895 0.449538
53.658378 84.979563 15.300492 43.018105 22.578244 10.832166 14.427366 10.968614 10.041851 7.997615 6.930936 4.973243 6.468757 6.731565 4.255524 2.751639 2.018636 1.728514 1.518452 1.108623 0.646297 0.286452 0.254495 0.070182 0.118259
59.179303 91.366214 14.328973 33.712368 27.262758 12.626413 12.278855 10.848275 11.065026 7.447970 5.546293 4.182560 5.143538 4.255524 5.125415 2.564694 1.957912 1.516236 1.371456 0.911229 0.630780 0.082411 0.019616 -0.035160 0.194763
34.863257 57.684720 2.175083 18.539236 13.281203 9.630889 7.133781 6.730065 6.147995 4.455683 3.556299 2.334099 3.517355 2.751639 2.564694 2.786822 1.725880 1.196028 0.975753 0.641455 0.310844 -0.087975 0.011332 -0.042995 0.135611
38.295987 39.342143 9.192435 11.741972 12.470437 7.481931 8.616139 6.032869 5.916747 3.276407 3.062682 1.472666 3.045326 2.018636 1.957912 1.725880 2.021784 1.344260 0.981030 0.548515 0.230367 -0.058788 0.118687 -0.004671 0.119826
-5.766794 14.675091 11.041201 13.606616 6.217281 3.077167 7.143922 4.491137 5.842882 2.619980 2.147922 1.174779 1.790923 1.728514 1.516236 1.196028 1.344260 1.842883 1.299363 0.709599 0.391469 0.108199 0.075953 -0.067675 0.016090
9.463542 16.050229 17.191124 3.654720 9.839014 3.827959 6.703673 5.672435 3.958126 2.303425 1.592884 0.963641 1.292666 1.518452 1.371456 0.975753 0.981030 1.299363 1.529823 0.825375 0.462065 0.129664 0.038297 -0.117708 -0.037855
9.009434 11.230671 3.922101 4.195937 5.800077 -1.483692 4.266695 3.602351 2.343781 1.824096 1.437287 0.693246 1.040443 1.108623 0.911229 0.641455 0.548515 0.709599 0.825375 0.971944 0.644618 0.171894 -0.038673 -0.078117 0.013207
13.530992 11.467369 1.141407 -0.221160 3.715111 -2.277680 1.590023 1.958659 0.951417 1.040356 0.486355 0.381943 0.368929 0.646297 0.630780 0.310844 0.230367 0.391469 0.462065 0.644618 0.766224 0.321596 -0.066899 -0.068006 0.051681
2.842825 5.600944 -4.842856 -1.163181 0.757152 -2.267199 -0.397567 1.001382 -0.348460 -0.396717 -0.179616 -0.022507 -0.046656 0.286452 0.082411 -0.087975 -0.058788 0.108199 0.129664 0.171894 0.321596 0.538337 0.186070 0.091112 0.062742
-9.782992 -1.502085 -2.913937 4.393500 0.451897 0.785629 0.648761 0.751947 0.196040 0.022190 0.463747 0.221770 0.520431 0.254495 0.019616 0.011332 0.118687 0.075953 0.038297 -0.038673 -0.066899 0.186070 0.455307 0.190264 0.015376
2.244633 -5.753218 -2.694341 4.777104 1.559571 1.323111 1.347226 0.658015 0.668900 0.146595 0.569030 0.314233 0.521895 0.070182 -0.035160 -0.042995 -0.004671 -0.067675 -0.117708 -0.078117 -0.068006 0.091112 0.190264 0.322104 0.135581
9.905799 5.217061 0.758389 3.727621 5.733844 1.963636 2.551647 1.434225 1.177579 0.538607 0.592899 0.390315 0.449538 0.118259 0.194763 0.135611 0.119826 0.016090 -0.037855 0.013207 0.051681 0.062742 0.015376 0.135581 0.257469
