# rp  wgg  wgg_err  wgp  wgp_err  wpp  wpp_err
21507.801535 3641.904664 873.002838 674.587777 1126.643614 340.626421 489.501618 312.458172 227.744307 321.367745 257.730010 111.415342 126.200258 117.460337 55.407406 68.503617 32.053349 36.432093 12.469578 8.917469 3.656299 6.910112 7.685000 -6.540366 -4.786525
3641.904664 10127.859860 128.089878 920.317141 541.434858 329.019395 303.522332 128.088215 93.741112 195.152683 72.243141 72.058564 47.942250 69.182625 38.983672 25.438810 15.474825 0.000650 -9.081995 -12.332733 -14.871078 -10.683806 -4.772828 -5.900733 -4.503160
873.002838 128.089878 4563.440698 686.919578 379.304179 280.097985 247.699594 186.285095 86.306364 91.271439 108.671060 44.202472 29.617256 25.121054 1.314482 0.642146 8.105626 -0.453602 4.793937 0.059933 1.333046 -0.450363 -5.434852 -5.501254 -0.511690
674.587777 920.317141 686.919578 1836.024833 223.204614 116.261214 89.308588 61.506498 73.387709 61.101516 38.865995 35.336470 23.687359 16.899471 9.978793 15.294015 2.298895 4.513002 2.113649 -0.986459 -0.914588 -3.706962 0.074515 0.166910 -2.256953
1126.643614 541.434858 379.304179 223.204614 865.808264 127.894973 107.622962 69.749646 68.439868 56.653002 27.071843 25.280014 23.317628 23.131708 11.414002 13.260973 9.714136 6.671235 10.806300 4.800446 0.299246 -0.154138 -0.017586 -1.625994 -1.020338
340.626421 329.019395 280.097985 116.261214 127.894973 443.162545 79.501566 74.752074 39.350935 31.265261 18.059856 11.639465 8.470619 9.265832 9.142766 4.006161 1.832830 0.655587 0.510254 0.478854 -0.700900 -0.132393 -1.053465 0.239396 -0.539447
489.501618 303.522332 247.699594 89.308588 107.622962 79.501566 198.545184 30.433660 39.649659 28.898047 22.805476 12.825158 15.615730 12.391833 11.219011 7.752884 5.928039 4.663806 3.454131 1.253942 0.423006 -0.307943 -0.653309 0.047781 0.822500
312.458172 128.088215 186.285095 61.506498 69.749646 74.752074 30.433660 117.327339 39.911650 32.686695 19.422312 13.490534 12.509917 7.869499 4.403261 3.928968 3.225671 2.443580 1.424202 1.060214 0.263625 -0.375622 -0.201380 0.057497 -0.214767
227.744307 93.741112 86.306364 73.387709 68.439868 39.350935 39.649659 39.911650 63.894096 21.933917 11.566621 10.804039 8.233910 6.972024 5.406133 4.502415 3.316338 2.707004 1.506335 0.908263 0.626655 -0.002850 -0.587437 0.138101 0.152328
321.367745 195.152683 91.271439 61.101516 56.653002 31.265261 28.898047 32.686695 21.933917 39.028943 15.772329 10.144946 9.303896 6.628705 5.213069 4.805110 3.640320 2.652633 1.566588 1.310749 0.506912 0.069291 0.311316 0.178031 -0.042634
257.730010 72.243141 108.671060 38.865995 27.071843 18.059856 22.805476 19.422312 11.566621 15.772329 20.411617 8.498092 6.133203 3.984814 2.809254 1.970637 1.596106 1.640439 1.046857 0.951829 0.429138 -0.047229 0.121217 0.068912 0.032409
111.415342 72.058564 44.202472 35.336470 25.280014 11.639465 12.825158 13.490534 10.804039 10.144946 8.498092 12.330881 5.914191 3.530066 2.310360 1.908887 1.808197 1.419908 1.074352 0.892307 0.734554 0.164993 0.136409 0.127210 -0.016517
126.200258 47.942250 29.617256 23.687359 23.317628 8.470619 15.615730 12.509917 8.233910 9.303896 6.133203 5.914191 7.987672 4.112830 2.785658 2.850784 2.066723 1.715128 1.062358 0.862244 0.564020 0.148766 -0.155971 -0.145573 -0.039756
117.460337 69.182625 25.121054 16.899471 23.131708 9.265832 12.391833 7.869499 6.972024 6.628705 3.984814 3.530066 4.112830 5.150384 2.697542 2.569136 1.864244 1.388278 0.965904 0.688324 0.404608 0.102856 -0.270331 -0.194666 -0.057860
55.407406 38.983672 1.314482 9.978793 11.414002 9.142766 11.219011 4.403261 5.406133 5.213069 2.809254 2.310360 2.785658 2.697542 2.876033 1.942668 1.444985 1.232516 0.788605 0.575812 0.312700 0.015797 -0.234731 -0.005198 0.040384
68.503617 25.438810 0.642146 15.294015 13.260973 4.006161 7.752884 3.928968 4.502415 4.805110 1.970637 1.908887 2.850784 2.569136 1.942668 2.677006 1.685801 1.227562 0.808633 0.689958 0.366124 0.092682 -0.100567 -0.082393 0.027425
32.053349 15.474825 8.105626 2.298895 9.714136 1.832830 5.928039 3.225671 3.316338 3.640320 1.596106 1.808197 2.066723 1.864244 1.444985 1.685801 1.752682 1.103088 0.807273 0.653699 0.447716 0.210688 0.004857 0.023589 -0.016597
36.432093 0.000650 -0.453602 4.513002 6.671235 0.655587 4.663806 2.443580 2.707004 2.652633 1.640439 1.419908 1.715128 1.388278 1.232516 1.227562 1.103088 1.237476 0.816039 0.559173 0.330011 0.075407 -0.082054 0.023574 0.023398
12.469578 -9.081995 4.793937 2.113649 10.806300 0.510254 3.454131 1.424202 1.506335 1.566588 1.046857 1.074352 1.062358 0.965904 0.788605 0.808633 0.807273 0.816039 0.924276 0.582927 0.331574 0.105887 -0.053097 -0.001821 -0.013686
8.917469 -12.332733 0.059933 -0.986459 4.800446 0.478854 1.253942 1.060214 0.908263 1.310749 0.951829 0.892307 0.862244 0.688324 0.575812 0.689958 0.653699 0.559173 0.582927 0.638667 0.425033 0.177830 0.038872 0.025940 0.021787
3.656299 -14.871078 1.333046 -0.914588 0.299246 -0.700900 0.423006 0.263625 0.626655 0.506912 0.429138 0.734554 0.564020 0.404608 0.312700 0.366124 0.447716 0.330011 0.331574 0.425033 0.539155 0.259210 0.104673 0.065249 0.035043
6.910112 -10.683806 -0.450363 -3.706962 -0.154138 -0.132393 -0.307943 -0.375622 -0.002850 0.069291 -0.047229 0.164993 0.148766 0.102856 0.015797 0.092682 0.210688 0.075407 0.105887 0.177830 0.259210 0.368250 0.192293 0.060208 -0.007347
7.685000 -4.772828 -5.434852 0.074515 -0.017586 -1.053465 -0.653309 -0.201380 -0.587437 0.311316 0.121217 0.136409 -0.155971 -0.270331 -0.234731 -0.100567 0.004857 -0.082054 -0.053097 0.038872 0.104673 0.192293 0.331620 0.139998 -0.018058
-6.540366 -5.900733 -5.501254 0.166910 -1.625994 0.239396 0.047781 0.057497 0.138101 0.178031 0.068912 0.127210 -0.145573 -0.194666 -0.005198 -0.082393 0.023589 0.023574 -0.001821 0.025940 0.065249 0.060208 0.139998 0.207777 0.047523
-4.786525 -4.503160 -0.511690 -2.256953 -1.020338 -0.539447 0.822500 -0.214767 0.152328 -0.042634 0.032409 -0.016517 -0.039756 -0.057860 0.040384 0.027425 -0.016597 0.023398 -0.013686 0.021787 0.035043 -0.007347 -0.018058 0.047523 0.144596
