# rp  wgg  wgg_err  wgp  wgp_err  wpp  wpp_err
133.784980 12.176188 3.422445 -2.753837 0.059108 -0.854492 -2.799427 0.155736 -0.165578 0.009494 -0.640499 0.360165 0.067447 0.096614 -0.057675 -0.016320 -0.032852 0.044245 0.002431 0.002188 0.025397 -0.002769 -0.024434 -0.060763 -0.007776
12.176188 65.585849 4.069446 4.208068 -0.638953 0.473134 -0.648202 -0.976200 -0.500541 0.046287 -0.259798 -0.121274 0.190631 -0.085589 -0.009873 -0.051595 0.069602 0.035583 -0.032275 -0.034037 0.011533 -0.032783 -0.023012 -0.018886 -0.002274
3.422445 4.069446 26.721335 2.982115 -0.208998 -0.215457 0.211472 -0.339557 -0.126583 -0.274458 -0.027854 0.139474 0.086492 0.061485 0.016683 0.038818 -0.015171 0.043445 0.020394 0.006802 -0.036571 -0.017413 0.008778 0.005188 0.006198
-2.753837 4.208068 2.982115 11.271463 -0.163896 -0.369471 0.072047 0.341747 -0.107993 -0.016433 0.215926 0.000809 0.046576 0.036414 0.041422 0.015270 0.000316 0.026903 0.013722 -0.026511 -0.020236 -0.016283 -0.013185 0.008421 0.005028
0.059108 -0.638953 -0.208998 -0.163896 3.918903 -0.225190 0.028930 -0.043782 -0.177985 -0.042093 0.006955 0.003380 -0.024542 -0.018858 0.027445 0.039607 0.008466 -0.015266 -0.012409 -0.002141 -0.006471 0.005100 0.003514 -0.004207 -0.003029
-0.854492 0.473134 -0.215457 -0.369471 -0.225190 1.824156 -0.147165 0.073355 -0.090752 -0.032611 -0.109457 -0.011692 0.007401 0.023221 -0.005402 -0.000254 0.009927 -0.008027 0.004541 0.002800 0.004089 -0.001989 -0.002718 -0.002935 -0.004597
-2.799427 -0.648202 0.211472 0.072047 0.028930 -0.147165 1.116139 -0.065013 0.099621 0.018717 0.010026 -0.005898 -0.003881 -0.012237 -0.007052 -0.002806 0.003440 0.000320 -0.000500 -0.009717 -0.004806 -0.001840 -0.000355 0.001042 -0.002488
0.155736 -0.976200 -0.339557 0.341747 -0.043782 0.073355 -0.065013 0.627705 0.052282 0.004028 -0.003877 0.000104 0.015234 -0.004015 0.003214 -0.005495 -0.000569 0.002327 0.000038 -0.001865 -0.000694 -0.000473 -0.000582 -0.002046 -0.001176
-0.165578 -0.500541 -0.126583 -0.107993 -0.177985 -0.090752 0.099621 0.052282 0.298053 0.023195 0.016555 0.001782 -0.003455 0.008886 -0.003203 -0.005611 -0.001554 0.001606 0.003124 0.001095 0.001092 0.002817 -0.000181 0.000705 0.000644
0.009494 0.046287 -0.274458 -0.016433 -0.042093 -0.032611 0.018717 0.004028 0.023195 0.125045 -0.000704 0.003487 0.000514 0.003636 -0.002500 -0.000227 -0.000356 0.001675 -0.000283 -0.001088 0.000893 0.000129 -0.000035 0.000398 -0.000490
-0.640499 -0.259798 -0.027854 0.215926 0.006955 -0.109457 0.010026 -0.003877 0.016555 -0.000704 0.097389 -0.000169 0.001044 -0.006184 0.003474 -0.000666 0.000205 0.001495 -0.000859 0.000464 -0.002022 0.000606 0.000776 0.000465 0.001473
0.360165 -0.121274 0.139474 0.000809 0.003380 -0.011692 -0.005898 0.000104 0.001782 0.003487 -0.000169 0.041429 -0.000939 0.000519 -0.003780 -0.001485 -0.001925 -0.000125 -0.001175 -0.000157 0.000234 0.000151 0.000822 0.000578 0.000348
0.067447 0.190631 0.086492 0.046576 -0.024542 0.007401 -0.003881 0.015234 -0.003455 0.000514 0.001044 -0.000939 0.018813 0.001722 0.002075 0.001342 0.002352 0.001729 0.000354 0.000866 -0.000768 -0.000951 -0.000281 -0.000004 0.000143
0.096614 -0.085589 0.061485 0.036414 -0.018858 0.023221 -0.012237 -0.004015 0.008886 0.003636 -0.006184 0.000519 0.001722 0.013289 0.001863 0.001257 0.000426 -0.000350 0.000487 0.000518 0.000202 -0.000231 -0.000233 0.000334 -0.000143
-0.057675 -0.009873 0.016683 0.041422 0.027445 -0.005402 -0.007052 0.003214 -0.003203 -0.002500 0.003474 -0.003780 0.002075 0.001863 0.008702 0.000897 0.001583 0.000488 0.000129 0.000646 -0.000159 -0.000235 -0.000216 0.000079 0.000198
-0.016320 -0.051595 0.038818 0.015270 0.039607 -0.000254 -0.002806 -0.005495 -0.005611 -0.000227 -0.000666 -0.001485 0.001342 0.001257 0.000897 0.005004 0.000843 -0.000054 0.000027 0.000455 -0.000406 -0.000235 0.000151 -0.000033 0.000069
-0.032852 0.069602 -0.015171 0.000316 0.008466 0.009927 0.003440 -0.000569 -0.001554 -0.000356 0.000205 -0.001925 0.002352 0.000426 0.001583 0.000843 0.002903 0.000512 -0.000043 0.000213 -0.000025 -0.000288 -0.000157 0.000022 0.000047
0.044245 0.035583 0.043445 0.026903 -0.015266 -0.008027 0.000320 0.002327 0.001606 0.001675 0.001495 -0.000125 0.001729 -0.000350 0.000488 -0.000054 0.000512 0.002602 0.000295 0.000459 -0.000013 -0.000143 -0.000053 0.000128 0.000034
0.002431 -0.032275 0.020394 0.013722 -0.012409 0.004541 -0.000500 0.000038 0.003124 -0.000283 -0.000859 -0.001175 0.000354 0.000487 0.000129 0.000027 -0.000043 0.000295 0.001425 0.000659 0.000264 0.000004 -0.000006 -0.000095 0.000032
0.002188 -0.034037 0.006802 -0.026511 -0.002141 0.002800 -0.009717 -0.001865 0.001095 -0.001088 0.000464 -0.000157 0.000866 0.000518 0.000646 0.000455 0.000213 0.000459 0.000659 0.001493 0.000476 0.000012 0.000109 -0.000111 0.000041
0.025397 0.011533 -0.036571 -0.020236 -0.006471 0.004089 -0.004806 -0.000694 0.001092 0.000893 -0.002022 0.000234 -0.000768 0.000202 -0.000159 -0.000406 -0.000025 -0.000013 0.000264 0.000476 0.001203 0.000352 0.000111 0.000046 -0.000051
-0.002769 -0.032783 -0.017413 -0.016283 0.005100 -0.001989 -0.001840 -0.000473 0.002817 0.000129 0.000606 0.000151 -0.000951 -0.000231 -0.000235 -0.000235 -0.000288 -0.000143 0.000004 0.000012 0.000352 0.000911 0.000328 0.000031 0.000012
-0.024434 -0.023012 0.008778 -0.013185 0.003514 -0.002718 -0.000355 -0.000582 -0.000181 -0.000035 0.000776 0.000822 -0.000281 -0.000233 -0.000216 0.000151 -0.000157 -0.000053 -0.000006 0.000109 0.000111 0.000328 0.000553 0.000049 -0.000040
-0.060763 -0.018886 0.005188 0.008421 -0.004207 -0.002935 0.001042 -0.002046 0.000705 0.000398 0.000465 0.000578 -0.000004 0.000334 0.000079 -0.000033 0.000022 0.000128 -0.000095 -0.000111 0.000046 0.000031 0.000049 0.000418 0.000087
-0.007776 -0.002274 0.006198 0.005028 -0.003029 -0.004597 -0.002488 -0.001176 0.000644 -0.000490 0.001473 0.000348 0.000143 -0.000143 0.000198 0.000069 0.000047 0.000034 0.000032 0.000041 -0.000051 0.000012 -0.000040 0.000087 0.000262
