# rp  wgg  wgg_err  wgp  wgp_err  wpp  wpp_err
10647.356619 578.577382 511.156768 207.546835 207.880193 136.941967 89.175341 131.401186 -34.126496 23.677912 -11.033831 38.671520 23.218712 8.110118 21.399173 5.612177 5.796736 9.857415 10.734021 8.924569 4.534657 -3.269306 -3.738138 -4.488563 -0.009069
578.577382 3534.448677 583.851314 289.356165 239.361513 133.649210 120.813986 24.488956 13.630457 4.950382 12.822049 13.993614 11.728113 13.249199 17.298872 10.104680 2.332734 8.985599 6.965388 3.490627 -1.654706 -0.714737 1.594388 -1.478690 -1.072669
511.156768 583.851314 2532.007270 124.169265 336.547427 180.290030 143.355317 71.691796 42.502246 68.738740 32.076167 29.634615 15.305251 5.460199 9.383169 4.401656 5.703062 2.910895 1.541940 -1.980840 -7.471207 -6.437366 -1.918719 1.370045 2.375324
207.546835 289.356165 124.169265 870.575112 260.614549 108.453724 81.930661 49.491715 20.110325 20.475581 20.433438 18.483972 16.023679 13.668995 12.868095 10.122407 4.879475 4.696679 3.767391 3.423830 2.710428 -0.159025 -0.451874 0.792208 0.864304
207.880193 239.361513 336.547427 260.614549 510.364178 84.688290 82.919245 50.265170 15.832379 16.540474 10.999345 15.830239 7.557765 7.823337 6.626577 6.906762 4.715260 5.445621 3.721567 3.365406 1.339079 0.328234 0.031880 1.081925 1.009188
136.941967 133.649210 180.290030 108.453724 84.688290 192.032376 30.194002 22.698387 13.231378 4.389976 7.402546 8.529681 9.202687 3.732044 3.567059 2.182397 1.672246 2.696044 1.954361 1.065411 0.769207 -0.498610 -0.306025 -0.005231 0.039889
89.175341 120.813986 143.355317 81.930661 82.919245 30.194002 96.309910 17.748546 13.825611 7.200193 8.039645 8.707421 4.051078 3.641412 3.574274 2.314450 0.576154 0.414156 0.926020 0.580870 -0.098011 -0.125986 0.145040 0.063151 0.096487
131.401186 24.488956 71.691796 49.491715 50.265170 22.698387 17.748546 41.273063 10.346362 11.497327 6.359538 6.212625 3.724374 2.490199 2.558555 2.743282 1.778663 1.214449 1.056601 0.708245 -0.032095 -0.171037 -0.064778 -0.087848 0.323460
-34.126496 13.630457 42.502246 20.110325 15.832379 13.231378 13.825611 10.346362 19.817577 5.893740 3.388877 3.145705 3.314875 2.355571 1.137831 1.262868 0.943564 0.966902 0.939857 0.569759 -0.149099 -0.143892 -0.102468 -0.229853 -0.183041
23.677912 4.950382 68.738740 20.475581 16.540474 4.389976 7.200193 11.497327 5.893740 17.453056 4.821509 3.516432 2.949118 2.111146 2.390830 1.935680 1.352230 0.921048 0.622855 0.676433 0.115407 -0.055510 0.054994 0.101055 0.001445
-11.033831 12.822049 32.076167 20.433438 10.999345 7.402546 8.039645 6.359538 3.388877 4.821509 9.516612 3.779816 1.840835 1.416690 1.018632 1.309478 0.833672 0.485258 0.607460 0.661414 0.235695 0.241896 0.060110 -0.016139 0.082727
38.671520 13.993614 29.634615 18.483972 15.830239 8.529681 8.707421 6.212625 3.145705 3.516432 3.779816 4.679979 1.987477 1.488827 1.521831 1.385000 0.798922 0.619444 0.430824 0.464294 0.169722 0.091706 0.069884 -0.027623 0.041906
23.218712 11.728113 15.305251 16.023679 7.557765 9.202687 4.051078 3.724374 3.314875 2.949118 1.840835 1.987477 3.715277 1.606803 1.420632 1.330173 0.874655 0.816945 0.482662 0.368690 0.128998 -0.022285 -0.011865 -0.125054 -0.045979
8.110118 13.249199 5.460199 13.668995 7.823337 3.732044 3.641412 2.490199 2.355571 2.111146 1.416690 1.488827 1.606803 2.662367 1.493023 1.365575 0.883292 0.684354 0.470103 0.378659 0.273784 0.054095 -0.061882 0.003831 -0.037179
21.399173 17.298872 9.383169 12.868095 6.626577 3.567059 3.574274 2.558555 1.137831 2.390830 1.018632 1.521831 1.420632 1.493023 1.932716 1.430541 0.870609 0.771925 0.506568 0.369905 0.190422 0.018273 -0.011185 0.030337 0.002515
5.612177 10.104680 4.401656 10.122407 6.906762 2.182397 2.314450 2.743282 1.262868 1.935680 1.309478 1.385000 1.330173 1.365575 1.430541 1.566382 0.935808 0.806634 0.520082 0.378154 0.244637 0.073440 -0.005329 0.017552 -0.002151
5.796736 2.332734 5.703062 4.879475 4.715260 1.672246 0.576154 1.778663 0.943564 1.352230 0.833672 0.798922 0.874655 0.883292 0.870609 0.935808 0.926629 0.688114 0.456582 0.252058 0.134373 0.023226 0.002098 0.003738 0.011502
9.857415 8.985599 2.910895 4.696679 5.445621 2.696044 0.414156 1.214449 0.966902 0.921048 0.485258 0.619444 0.816945 0.684354 0.771925 0.806634 0.688114 0.790720 0.510539 0.315689 0.171242 0.054623 0.017695 -0.006625 -0.003280
10.734021 6.965388 1.541940 3.767391 3.721567 1.954361 0.926020 1.056601 0.939857 0.622855 0.607460 0.430824 0.482662 0.470103 0.506568 0.520082 0.456582 0.510539 0.532241 0.305853 0.143321 0.047961 0.021636 -0.027685 -0.022560
8.924569 3.490627 -1.980840 3.423830 3.365406 1.065411 0.580870 0.708245 0.569759 0.676433 0.661414 0.464294 0.368690 0.378659 0.369905 0.378154 0.252058 0.315689 0.305853 0.377516 0.206605 0.096920 0.024907 -0.020948 -0.009925
4.534657 -1.654706 -7.471207 2.710428 1.339079 0.769207 -0.098011 -0.032095 -0.149099 0.115407 0.235695 0.169722 0.128998 0.273784 0.190422 0.244637 0.134373 0.171242 0.143321 0.206605 0.255816 0.103520 0.015724 -0.001216 -0.001435
-3.269306 -0.714737 -6.437366 -0.159025 0.328234 -0.498610 -0.125986 -0.171037 -0.143892 -0.055510 0.241896 0.091706 -0.022285 0.054095 0.018273 0.073440 0.023226 0.054623 0.047961 0.096920 0.103520 0.148008 0.073820 0.011237 0.002852
-3.738138 1.594388 -1.918719 -0.451874 0.031880 -0.306025 0.145040 -0.064778 -0.102468 0.054994 0.060110 0.069884 -0.011865 -0.061882 -0.011185 -0.005329 0.002098 0.017695 0.021636 0.024907 0.015724 0.073820 0.160881 0.058124 0.012837
-4.488563 -1.478690 1.370045 0.792208 1.081925 -0.005231 0.063151 -0.087848 -0.229853 0.101055 -0.016139 -0.027623 -0.125054 0.003831 0.030337 0.017552 0.003738 -0.006625 -0.027685 -0.020948 -0.001216 0.011237 0.058124 0.115151 0.045814
-0.009069 -1.072669 2.375324 0.864304 1.009188 0.039889 0.096487 0.323460 -0.183041 0.001445 0.082727 0.041906 -0.045979 -0.037179 0.002515 -0.002151 0.011502 -0.003280 -0.022560 -0.009925 -0.001435 0.002852 0.012837 0.045814 0.083738
