# rp  wgg  wgg_err  wgp  wgp_err  wpp  wpp_err
303.706121 15.004695 -2.915865 -11.616208 -3.422621 -1.596585 -2.243594 1.044729 -0.466732 0.577655 -0.720860 0.777320 0.206253 0.147168 -0.240803 0.145308 -0.110398 -0.004509 -0.023377 0.131029 0.165726 0.040628 -0.064703 -0.111362 0.013872
15.004695 105.289827 -0.579815 4.155220 3.203149 2.707153 -3.565832 -0.237680 0.048765 0.548350 0.324995 -0.240245 -0.009514 -0.124411 0.085922 -0.016213 0.116717 0.016812 0.080394 0.036905 0.055683 0.009703 0.057725 -0.042084 -0.029373
-2.915865 -0.579815 47.687621 0.066851 -0.724233 -1.955192 -0.172733 -0.864221 -0.412990 -0.161296 0.341101 -0.030563 0.032140 -0.061753 0.045992 0.092034 -0.016800 -0.041932 -0.017839 0.018107 -0.010109 -0.022499 0.005509 -0.010593 -0.016294
-11.616208 4.155220 0.066851 22.323271 0.237618 -0.496082 0.337264 1.157787 -0.044948 0.218056 0.423511 0.022566 0.107659 -0.046850 0.095469 0.074249 0.033407 0.035283 0.018418 -0.031549 -0.013445 -0.014813 -0.009996 0.000077 -0.002063
-3.422621 3.203149 -0.724233 0.237618 7.135180 -0.031195 -0.003692 0.116801 -0.153438 -0.123447 0.114455 -0.047092 0.025524 0.046350 0.029587 0.025751 -0.028477 -0.012634 -0.003857 -0.001816 -0.003346 0.019994 0.008207 -0.013881 -0.008314
-1.596585 2.707153 -1.955192 -0.496082 -0.031195 5.052657 -0.121520 0.167522 -0.039510 -0.112506 -0.029674 -0.066969 -0.010732 0.066558 0.007516 -0.017699 0.045954 0.002891 -0.006447 -0.013575 0.000057 -0.003147 0.007117 0.004120 -0.004846
-2.243594 -3.565832 -0.172733 0.337264 -0.003692 -0.121520 1.848893 -0.162857 -0.022950 0.119326 -0.055548 0.015547 0.025977 0.002369 -0.012585 -0.002097 0.006703 -0.008871 -0.017091 -0.017106 -0.017945 -0.003010 0.000017 0.006614 0.002903
1.044729 -0.237680 -0.864221 1.157787 0.116801 0.167522 -0.162857 1.059789 0.023487 0.044022 0.039677 0.007957 0.013442 -0.018443 -0.007781 -0.009268 0.004939 -0.001270 -0.000042 -0.004543 0.000054 0.002835 0.002722 -0.005334 -0.002170
-0.466732 0.048765 -0.412990 -0.044948 -0.153438 -0.039510 -0.022950 0.023487 0.533892 -0.002108 0.021857 -0.012184 -0.021957 0.019536 -0.006187 -0.005396 -0.005555 -0.009276 -0.004619 -0.000355 0.004936 0.003704 0.002718 0.003234 0.001609
0.577655 0.548350 -0.161296 0.218056 -0.123447 -0.112506 0.119326 0.044022 -0.002108 0.279680 0.013253 0.000661 0.009296 -0.008420 0.006707 0.009072 0.008551 0.006362 0.001159 -0.001240 0.000929 0.000496 0.003570 0.001696 0.000383
-0.720860 0.324995 0.341101 0.423511 0.114455 -0.029674 -0.055548 0.039677 0.021857 0.013253 0.181547 0.009288 0.008868 -0.018963 0.011545 0.001888 0.009141 0.001209 -0.002181 -0.001019 0.002059 -0.000652 0.003969 -0.000594 0.000820
0.777320 -0.240245 -0.030563 0.022566 -0.047092 -0.066969 0.015547 0.007957 -0.012184 0.000661 0.009288 0.068491 0.000007 -0.000154 -0.001904 -0.000049 -0.000649 -0.001921 -0.002788 0.000122 -0.000049 0.000447 0.001429 0.002264 0.000195
0.206253 -0.009514 0.032140 0.107659 0.025524 -0.010732 0.025977 0.013442 -0.021957 0.009296 0.008868 0.000007 0.040247 0.002319 -0.000766 0.002503 -0.000129 -0.000696 -0.000577 -0.000558 0.000203 -0.000107 -0.000840 0.000769 0.000359
0.147168 -0.124411 -0.061753 -0.046850 0.046350 0.066558 0.002369 -0.018443 0.019536 -0.008420 -0.018963 -0.000154 0.002319 0.031662 0.001929 0.001672 -0.000881 0.000363 0.001448 0.001698 0.000613 0.000382 -0.001040 0.000742 0.000423
-0.240803 0.085922 0.045992 0.095469 0.029587 0.007516 -0.012585 -0.007781 -0.006187 0.006707 0.011545 -0.001904 -0.000766 0.001929 0.015652 0.002139 0.002488 0.002346 0.001039 0.000828 0.000350 0.000098 0.000404 0.000631 0.000231
0.145308 -0.016213 0.092034 0.074249 0.025751 -0.017699 -0.002097 -0.009268 -0.005396 0.009072 0.001888 -0.000049 0.002503 0.001672 0.002139 0.008085 0.001441 0.001738 0.000448 0.000917 -0.000408 0.000169 -0.000273 0.000023 0.000277
-0.110398 0.116717 -0.016800 0.033407 -0.028477 0.045954 0.006703 0.004939 -0.005555 0.008551 0.009141 -0.000649 -0.000129 -0.000881 0.002488 0.001441 0.006337 0.002043 0.000821 0.000129 0.000062 -0.000329 0.000297 0.000149 0.000021
-0.004509 0.016812 -0.041932 0.035283 -0.012634 0.002891 -0.008871 -0.001270 -0.009276 0.006362 0.001209 -0.001921 -0.000696 0.000363 0.002346 0.001738 0.002043 0.004915 0.001597 0.000955 0.000128 0.000339 0.000096 -0.000064 -0.000199
-0.023377 0.080394 -0.017839 0.018418 -0.003857 -0.006447 -0.017091 -0.000042 -0.004619 0.001159 -0.002181 -0.002788 -0.000577 0.001448 0.001039 0.000448 0.000821 0.001597 0.003417 0.001554 0.000598 0.000131 -0.000201 -0.000128 0.000018
0.131029 0.036905 0.018107 -0.031549 -0.001816 -0.013575 -0.017106 -0.004543 -0.000355 -0.001240 -0.001019 0.000122 -0.000558 0.001698 0.000828 0.000917 0.000129 0.000955 0.001554 0.002712 0.001139 0.000217 -0.000137 -0.000295 0.000236
0.165726 0.055683 -0.010109 -0.013445 -0.003346 0.000057 -0.017945 0.000054 0.004936 0.000929 0.002059 -0.000049 0.000203 0.000613 0.000350 -0.000408 0.000062 0.000128 0.000598 0.001139 0.002428 0.000432 0.000350 0.000012 -0.000060
0.040628 0.009703 -0.022499 -0.014813 0.019994 -0.003147 -0.003010 0.002835 0.003704 0.000496 -0.000652 0.000447 -0.000107 0.000382 0.000098 0.000169 -0.000329 0.000339 0.000131 0.000217 0.000432 0.001026 0.000397 0.000064 -0.000058
-0.064703 0.057725 0.005509 -0.009996 0.008207 0.007117 0.000017 0.002722 0.002718 0.003570 0.003969 0.001429 -0.000840 -0.001040 0.000404 -0.000273 0.000297 0.000096 -0.000201 -0.000137 0.000350 0.000397 0.001152 0.000091 -0.000133
-0.111362 -0.042084 -0.010593 0.000077 -0.013881 0.004120 0.006614 -0.005334 0.003234 0.001696 -0.000594 0.002264 0.000769 0.000742 0.000631 0.000023 0.000149 -0.000064 -0.000128 -0.000295 0.000012 0.000064 0.000091 0.000956 0.000110
0.013872 -0.029373 -0.016294 -0.002063 -0.008314 -0.004846 0.002903 -0.002170 0.001609 0.000383 0.000820 0.000195 0.000359 0.000423 0.000231 0.000277 0.000021 -0.000199 0.000018 0.000236 -0.000060 -0.000058 -0.000133 0.000110 0.000572
