# rp  wgg  wgg_err  wgp  wgp_err  wpp  wpp_err
260.131200 -0.907422 17.562572 5.925359 -1.678484 -2.181230 1.100825 -1.833005 0.712339 0.354159 0.642050 1.177885 0.748001 0.368876 -0.193175 -0.180598 0.082710 0.075961 -0.050042 0.024191 -0.013147 0.007183 0.001662 -0.108583 0.021323
-0.907422 149.831722 6.251510 15.986044 -2.829851 -1.772022 -2.860358 0.408945 -1.049636 -1.043296 0.027712 0.458384 0.267937 -0.320655 -0.142797 -0.292378 0.011695 0.053279 -0.176174 -0.039189 0.027422 -0.093053 -0.033629 0.020545 0.038095
17.562572 6.251510 58.390403 1.607470 3.042643 1.322125 -1.204043 0.489963 0.113128 0.150087 -0.254327 0.087622 0.255858 0.115850 -0.148843 -0.000284 -0.062709 -0.004645 0.010366 0.001340 -0.015959 0.016029 0.019669 0.009509 -0.001765
5.925359 15.986044 1.607470 20.281071 1.552010 -1.059400 0.288534 0.644663 -0.701201 0.001987 0.034694 -0.116299 0.033716 -0.046264 0.066836 0.001454 -0.077917 0.007992 -0.029339 -0.040891 -0.031000 -0.028390 -0.016682 -0.004653 0.002048
-1.678484 -2.829851 3.042643 1.552010 10.498629 -0.847147 -0.450333 -0.272935 -0.660766 -0.115256 -0.274066 0.030908 -0.095197 0.004012 0.074977 0.039842 0.008243 -0.001412 -0.046167 -0.010246 -0.002771 -0.006161 0.000446 -0.008028 -0.012103
-2.181230 -1.772022 1.322125 -1.059400 -0.847147 3.885810 -0.284544 -0.060915 -0.098157 -0.037898 -0.037389 -0.026627 0.020691 0.033860 -0.005211 0.010091 0.006490 0.003234 0.038784 0.017852 -0.007325 -0.000802 0.005346 -0.002300 -0.007984
1.100825 -2.860358 -1.204043 0.288534 -0.450333 -0.284544 2.913880 0.219248 0.082955 0.000981 0.062848 -0.083969 0.005658 -0.017699 -0.027618 -0.003557 -0.001301 0.009474 0.019045 -0.018199 -0.021701 -0.015681 -0.009008 -0.007530 -0.006459
-1.833005 0.408945 0.489963 0.644663 -0.272935 -0.060915 0.219248 1.108456 0.058953 -0.020683 -0.015523 -0.031276 0.026874 0.004619 -0.001942 -0.032732 -0.014174 0.011526 0.000618 0.003681 -0.004515 -0.008978 0.000004 0.000428 -0.000738
0.712339 -1.049636 0.113128 -0.701201 -0.660766 -0.098157 0.082955 0.058953 0.531371 0.008842 0.044808 0.013953 0.003862 -0.001828 -0.001819 -0.003521 0.001086 0.009109 0.004292 0.002746 -0.002437 0.006364 0.000532 0.003482 0.002254
0.354159 -1.043296 0.150087 0.001987 -0.115256 -0.037898 0.000981 -0.020683 0.008842 0.351279 0.014153 0.026681 0.000975 0.012097 -0.009437 -0.009995 0.000363 0.000267 -0.002923 -0.002309 -0.001901 -0.005772 -0.002089 0.000703 -0.000033
0.642050 0.027712 -0.254327 0.034694 -0.274066 -0.037389 0.062848 -0.015523 0.044808 0.014153 0.161833 0.026673 0.001333 -0.006381 0.001493 -0.001058 0.001713 -0.000356 -0.001365 0.002215 -0.002176 -0.001101 0.000711 0.000478 0.000452
1.177885 0.458384 0.087622 -0.116299 0.030908 -0.026627 -0.083969 -0.031276 0.013953 0.026681 0.026673 0.102733 0.002640 -0.003487 -0.005089 -0.003998 0.000876 -0.000718 -0.004718 -0.000478 0.003816 -0.001198 0.000907 -0.000324 0.000121
0.748001 0.267937 0.255858 0.033716 -0.095197 0.020691 0.005658 0.026874 0.003862 0.000975 0.001333 0.002640 0.056292 0.006010 0.000114 -0.003903 0.002267 0.005843 0.001805 0.001903 -0.001490 -0.001192 -0.000251 -0.000187 0.000665
0.368876 -0.320655 0.115850 -0.046264 0.004012 0.033860 -0.017699 0.004619 -0.001828 0.012097 -0.006381 -0.003487 0.006010 0.034240 0.006325 0.001221 -0.001364 -0.000203 0.000506 -0.000243 -0.000241 0.000683 0.001071 0.000495 0.000512
-0.193175 -0.142797 -0.148843 0.066836 0.074977 -0.005211 -0.027618 -0.001942 -0.001819 -0.009437 0.001493 -0.005089 0.000114 0.006325 0.020138 0.004545 0.002311 0.002376 0.001386 0.000772 -0.000540 0.000263 0.000233 -0.000039 0.000032
-0.180598 -0.292378 -0.000284 0.001454 0.039842 0.010091 -0.003557 -0.032732 -0.003521 -0.009995 -0.001058 -0.003998 -0.003903 0.001221 0.004545 0.015968 0.003161 -0.000258 0.001480 0.000113 0.000160 0.000594 0.000996 0.000132 -0.000341
0.082710 0.011695 -0.062709 -0.077917 0.008243 0.006490 -0.001301 -0.014174 0.001086 0.000363 0.001713 0.000876 0.002267 -0.001364 0.002311 0.003161 0.008864 0.001984 0.000694 0.000211 0.000717 -0.000092 0.000325 0.000049 -0.000188
0.075961 0.053279 -0.004645 0.007992 -0.001412 0.003234 0.009474 0.011526 0.009109 0.000267 -0.000356 -0.000718 0.005843 -0.000203 0.002376 -0.000258 0.001984 0.007820 0.001943 0.000530 -0.000579 -0.000352 -0.000187 0.000456 -0.000153
-0.050042 -0.176174 0.010366 -0.029339 -0.046167 0.038784 0.019045 0.000618 0.004292 -0.002923 -0.001365 -0.004718 0.001805 0.000506 0.001386 0.001480 0.000694 0.001943 0.005122 0.001488 -0.000008 0.000377 0.000156 0.000227 0.000114
0.024191 -0.039189 0.001340 -0.040891 -0.010246 0.017852 -0.018199 0.003681 0.002746 -0.002309 0.002215 -0.000478 0.001903 -0.000243 0.000772 0.000113 0.000211 0.000530 0.001488 0.004403 0.001252 0.000546 -0.000048 -0.000062 -0.000087
-0.013147 0.027422 -0.015959 -0.031000 -0.002771 -0.007325 -0.021701 -0.004515 -0.002437 -0.001901 -0.002176 0.003816 -0.001490 -0.000241 -0.000540 0.000160 0.000717 -0.000579 -0.000008 0.001252 0.002753 0.001061 0.000293 0.000219 0.000061
0.007183 -0.093053 0.016029 -0.028390 -0.006161 -0.000802 -0.015681 -0.008978 0.006364 -0.005772 -0.001101 -0.001198 -0.001192 0.000683 0.000263 0.000594 -0.000092 -0.000352 0.000377 0.000546 0.001061 0.003120 0.000780 0.000434 0.000330
0.001662 -0.033629 0.019669 -0.016682 0.000446 0.005346 -0.009008 0.000004 0.000532 -0.002089 0.000711 0.000907 -0.000251 0.001071 0.000233 0.000996 0.000325 -0.000187 0.000156 -0.000048 0.000293 0.000780 0.001122 0.000555 0.000167
-0.108583 0.020545 0.009509 -0.004653 -0.008028 -0.002300 -0.007530 0.000428 0.003482 0.000703 0.000478 -0.000324 -0.000187 0.000495 -0.000039 0.000132 0.000049 0.000456 0.000227 -0.000062 0.000219 0.000434 0.000555 0.001276 0.000331
0.021323 0.038095 -0.001765 0.002048 -0.012103 -0.007984 -0.006459 -0.000738 0.002254 -0.000033 0.000452 0.000121 0.000665 0.000512 0.000032 -0.000341 -0.000188 -0.000153 0.000114 -0.000087 0.000061 0.000330 0.000167 0.000331 0.000679
