# rp  wgg  wgg_err  wgp  wgp_err  wpp  wpp_err
25031.421384 1009.244939 1178.308450 1240.009085 681.012519 388.426278 221.750864 143.098903 89.634872 35.052631 19.473222 36.359808 15.126288 -3.498013 19.693728 4.954572 8.776877 15.939527 21.267350 7.959800 11.285775 7.329864 6.383762 -7.548289 -0.029009
1009.244939 10194.010374 1261.208330 220.480849 70.727756 237.290475 9.787396 33.178526 62.563608 -34.435476 -10.405071 14.658951 33.315149 7.775320 11.106822 -6.836190 -3.525837 1.351559 -0.241991 -6.373219 -18.741927 -12.649495 -6.968678 -2.137838 0.188773
1178.308450 1261.208330 4512.482508 750.421217 696.621250 257.715720 236.418821 70.930247 17.690856 42.074388 33.743196 31.463015 35.268876 1.724592 8.322037 0.521796 6.741187 4.956757 -4.712722 -9.342149 -11.184611 -9.110095 -4.179794 3.322897 2.067446
1240.009085 220.480849 750.421217 2200.696997 602.099290 298.630657 240.451168 118.132467 94.558155 94.154517 60.505978 49.284535 64.646694 35.492175 24.983434 22.303886 11.233296 12.589229 2.625673 2.196625 2.126212 -3.013548 -5.239998 0.219255 -0.221356
681.012519 70.727756 696.621250 602.099290 1076.501599 297.689537 196.488893 126.066814 46.175607 43.242221 38.486041 32.315905 28.445381 20.102969 15.504733 16.651557 9.398570 7.976310 4.201553 1.233002 1.669774 -0.561041 -0.948472 1.896048 -0.040852
388.426278 237.290475 257.715720 298.630657 297.689537 453.606626 74.439667 77.368932 39.385557 29.298822 24.665581 14.818013 26.392664 11.564795 11.913626 8.621404 4.894955 5.013060 1.216526 0.279965 0.150816 -1.963148 -0.941537 0.787032 0.274311
221.750864 9.787396 236.418821 240.451168 196.488893 74.439667 167.234253 38.404415 23.312583 21.278934 10.595691 14.334955 12.150174 6.557409 4.716091 5.972578 2.754496 0.927593 -0.389415 -0.906638 -0.223427 -0.770530 -0.714516 0.011353 0.063832
143.098903 33.178526 70.930247 118.132467 126.066814 77.368932 38.404415 73.144103 22.067212 23.706799 11.224305 10.975598 10.809595 6.470321 5.047441 5.517356 3.114919 2.228685 1.734505 1.543603 0.337686 -0.156344 -0.952730 -0.007703 0.313669
89.634872 62.563608 17.690856 94.558155 46.175607 39.385557 23.312583 22.067212 41.660114 12.414757 6.780487 6.761248 9.970437 4.546405 3.400144 3.958591 2.498649 2.271285 1.505927 0.642028 -0.156196 -0.455842 -0.211629 -0.115137 -0.000605
35.052631 -34.435476 42.074388 94.154517 43.242221 29.298822 21.278934 23.706799 12.414757 31.342950 10.243159 6.448129 9.169548 5.177941 4.471341 3.526285 1.957926 1.984142 0.941894 0.736568 0.294824 -0.075126 0.014618 0.440478 0.211065
19.473222 -10.405071 33.743196 60.505978 38.486041 24.665581 10.595691 11.224305 6.780487 10.243159 15.803480 5.073346 4.919308 3.580113 2.037426 2.535644 1.201526 1.055003 0.567056 0.536343 0.365069 0.428809 -0.102552 -0.006925 -0.017935
36.359808 14.658951 31.463015 49.284535 32.315905 14.818013 14.334955 10.975598 6.761248 6.448129 5.073346 7.565491 4.305301 2.412742 2.043186 2.320714 1.225040 1.129933 0.545667 0.435538 0.176385 0.071181 -0.027252 -0.010610 -0.047260
15.126288 33.315149 35.268876 64.646694 28.445381 26.392664 12.150174 10.809595 9.970437 9.169548 4.919308 4.305301 8.281240 3.160428 2.795958 2.182786 1.593240 1.635228 0.762464 0.488350 0.095554 -0.106218 -0.204388 -0.028037 -0.021896
-3.498013 7.775320 1.724592 35.492175 20.102969 11.564795 6.557409 6.470321 4.546405 5.177941 3.580113 2.412742 3.160428 3.950069 2.150248 1.907113 1.191566 1.086588 0.463356 0.365440 0.274566 0.025761 -0.074794 0.010539 -0.044527
19.693728 11.106822 8.322037 24.983434 15.504733 11.913626 4.716091 5.047441 3.400144 4.471341 2.037426 2.043186 2.795958 2.150248 2.865606 1.850884 1.273575 1.068858 0.596479 0.376707 0.245160 -0.026228 -0.064597 0.068430 0.021424
4.954572 -6.836190 0.521796 22.303886 16.651557 8.621404 5.972578 5.517356 3.958591 3.526285 2.535644 2.320714 2.182786 1.907113 1.850884 2.502821 1.447621 1.187945 0.666102 0.421665 0.256396 0.004280 -0.094958 -0.030383 -0.066387
8.776877 -3.525837 6.741187 11.233296 9.398570 4.894955 2.754496 3.114919 2.498649 1.957926 1.201526 1.225040 1.593240 1.191566 1.273575 1.447621 1.590944 1.179971 0.715760 0.426366 0.268275 0.014106 -0.064545 0.011306 0.006967
15.939527 1.351559 4.956757 12.589229 7.976310 5.013060 0.927593 2.228685 2.271285 1.984142 1.055003 1.129933 1.635228 1.086588 1.068858 1.187945 1.179971 1.467786 0.762372 0.504104 0.272228 0.026046 -0.007852 0.025273 -0.010648
21.267350 -0.241991 -4.712722 2.625673 4.201553 1.216526 -0.389415 1.734505 1.505927 0.941894 0.567056 0.545667 0.762464 0.463356 0.596479 0.666102 0.715760 0.762372 0.795364 0.443017 0.213848 0.022739 -0.030915 -0.021231 -0.015250
7.959800 -6.373219 -9.342149 2.196625 1.233002 0.279965 -0.906638 1.543603 0.642028 0.736568 0.536343 0.435538 0.488350 0.365440 0.376707 0.421665 0.426366 0.504104 0.443017 0.524181 0.314357 0.154460 0.038158 0.013463 0.020297
11.285775 -18.741927 -11.184611 2.126212 1.669774 0.150816 -0.223427 0.337686 -0.156196 0.294824 0.365069 0.176385 0.095554 0.274566 0.245160 0.256396 0.268275 0.272228 0.213848 0.314357 0.472895 0.228987 0.110630 0.034245 0.022292
7.329864 -12.649495 -9.110095 -3.013548 -0.561041 -1.963148 -0.770530 -0.156344 -0.455842 -0.075126 0.428809 0.071181 -0.106218 0.025761 -0.026228 0.004280 0.014106 0.026046 0.022739 0.154460 0.228987 0.303482 0.148205 0.035564 0.013661
6.383762 -6.968678 -4.179794 -5.239998 -0.948472 -0.941537 -0.714516 -0.952730 -0.211629 0.014618 -0.102552 -0.027252 -0.204388 -0.074794 -0.064597 -0.094958 -0.064545 -0.007852 -0.030915 0.038158 0.110630 0.148205 0.284824 0.125268 0.014139
-7.548289 -2.137838 3.322897 0.219255 1.896048 0.787032 0.011353 -0.007703 -0.115137 0.440478 -0.006925 -0.010610 -0.028037 0.010539 0.068430 -0.030383 0.011306 0.025273 -0.021231 0.013463 0.034245 0.035564 0.125268 0.172741 0.064289
-0.029009 0.188773 2.067446 -0.221356 -0.040852 0.274311 0.063832 0.313669 -0.000605 0.211065 -0.017935 -0.047260 -0.021896 -0.044527 0.021424 -0.066387 0.006967 -0.010648 -0.015250 0.020297 0.022292 0.013661 0.014139 0.064289 0.143045
