# rp  wgg  wgg_err  wgp  wgp_err  wpp  wpp_err
26724.934768 3087.306223 2043.891533 1177.645528 508.985816 192.465862 553.341342 606.047679 162.081518 154.907200 128.975378 86.103744 63.958483 62.054185 86.943760 43.631689 32.388259 32.761553 13.085067 13.477169 9.333764 -6.058723 -2.424531 6.103255 9.510961
3087.306223 10323.321762 1299.231808 871.845094 685.495661 420.138462 527.577605 332.547462 117.230186 99.557645 77.660057 81.065726 85.178112 68.185670 50.399809 52.010728 28.126224 35.238161 23.499700 12.516506 6.279123 3.808467 5.888044 -0.424350 8.170852
2043.891533 1299.231808 5191.868179 480.542265 376.378581 238.412086 305.060603 173.677618 124.154305 137.604058 118.455403 76.539896 35.566966 48.119575 30.012938 24.109242 14.362462 16.223336 8.164875 15.120211 0.008775 -4.819922 -1.225604 2.904941 4.176742
1177.645528 871.845094 480.542265 1904.428104 508.617255 160.790253 70.695253 137.182007 60.459570 56.680431 48.667074 13.758286 14.378605 31.207962 32.294981 14.379939 6.546038 3.042367 4.139574 4.678045 3.799295 2.179906 1.997565 2.774177 3.218974
508.985816 685.495661 376.378581 508.617255 901.463788 91.006893 114.857246 78.910165 82.297411 57.047270 33.722275 23.345111 8.602763 17.657525 13.008545 9.571297 10.668275 7.621929 4.861123 6.630440 3.040733 1.363435 -1.076700 -0.747464 2.462476
192.465862 420.138462 238.412086 160.790253 91.006893 282.201699 42.648145 67.278445 37.282618 14.174789 17.404096 12.583762 9.400125 6.836178 2.824912 3.009103 0.589627 1.210756 1.990658 0.817276 0.928097 2.024633 0.894144 0.976095 1.428319
553.341342 527.577605 305.060603 70.695253 114.857246 42.648145 238.058273 63.232690 44.952440 20.896706 36.882790 16.551972 9.533319 10.592642 11.830688 6.731746 6.339564 5.863440 5.903420 3.719557 1.033970 0.707584 1.249094 1.458776 0.605271
606.047679 332.547462 173.677618 137.182007 78.910165 67.278445 63.232690 115.759083 37.974252 27.054090 25.606520 16.190001 10.861786 11.868202 9.734456 7.826905 7.242903 5.619838 4.523277 2.545950 0.969474 -0.429674 0.238956 0.152333 0.728367
162.081518 117.230186 124.154305 60.459570 82.297411 37.282618 44.952440 37.974252 50.914298 14.816766 16.704324 9.266934 6.482326 6.931178 3.658067 4.628065 4.910695 3.072290 3.340965 2.356777 0.418006 -0.427095 -0.197848 -0.263772 0.083999
154.907200 99.557645 137.604058 56.680431 57.047270 14.174789 20.896706 27.054090 14.816766 41.259087 14.813102 9.499189 5.308226 5.707610 4.743887 3.203490 2.987623 2.169333 0.739226 0.687301 -0.200560 -0.150491 0.354758 0.314643 0.082721
128.975378 77.660057 118.455403 48.667074 33.722275 17.404096 36.882790 25.606520 16.704324 14.813102 27.439071 8.832254 6.235751 6.736171 4.800309 4.558031 3.800922 2.663143 2.364859 2.325628 0.828108 0.558425 0.537560 -0.084281 0.096123
86.103744 81.065726 76.539896 13.758286 23.345111 12.583762 16.551972 16.190001 9.266934 9.499189 8.832254 12.299922 4.763786 4.148244 3.800720 2.970674 2.434820 2.080529 1.686861 1.336683 0.561431 0.341564 0.371083 0.104564 0.083645
63.958483 85.178112 35.566966 14.378605 8.602763 9.400125 9.533319 10.861786 6.482326 5.308226 6.235751 4.763786 7.496693 4.228325 3.137824 3.046156 2.313419 1.940468 1.388398 0.818075 0.400810 -0.025077 0.005445 -0.246620 0.009310
62.054185 68.185670 48.119575 31.207962 17.657525 6.836178 10.592642 11.868202 6.931178 5.707610 6.736171 4.148244 4.228325 7.001372 3.791937 3.051882 2.515915 1.822785 1.452064 0.969921 0.539620 0.119205 -0.007013 0.048435 0.068977
86.943760 50.399809 30.012938 32.294981 13.008545 2.824912 11.830688 9.734456 3.658067 4.743887 4.800309 3.800720 3.137824 3.791937 4.790930 3.085575 2.346335 1.764638 1.317745 1.062039 0.572513 0.325024 0.104992 0.128965 0.121212
43.631689 52.010728 24.109242 14.379939 9.571297 3.009103 6.731746 7.826905 4.628065 3.203490 4.558031 2.970674 3.046156 3.051882 3.085575 3.569568 2.301280 1.553867 1.159451 0.947213 0.464576 0.261282 0.055547 -0.058401 0.074260
32.388259 28.126224 14.362462 6.546038 10.668275 0.589627 6.339564 7.242903 4.910695 2.987623 3.800922 2.434820 2.313419 2.515915 2.346335 2.301280 2.652376 1.831748 1.367409 0.863575 0.417116 0.114315 0.048352 -0.078157 0.035442
32.761553 35.238161 16.223336 3.042367 7.621929 1.210756 5.863440 5.619838 3.072290 2.169333 2.663143 2.080529 1.940468 1.822785 1.764638 1.553867 1.831748 2.022473 1.380744 0.767910 0.368762 0.248052 0.083039 -0.052788 0.077935
13.085067 23.499700 8.164875 4.139574 4.861123 1.990658 5.903420 4.523277 3.340965 0.739226 2.364859 1.686861 1.388398 1.452064 1.317745 1.159451 1.367409 1.380744 1.689156 0.943736 0.516192 0.196777 0.024917 -0.067463 -0.025783
13.477169 12.516506 15.120211 4.678045 6.630440 0.817276 3.719557 2.545950 2.356777 0.687301 2.325628 1.336683 0.818075 0.969921 1.062039 0.947213 0.863575 0.767910 0.943736 1.162871 0.693121 0.313674 -0.065384 -0.080861 0.002155
9.333764 6.279123 0.008775 3.799295 3.040733 0.928097 1.033970 0.969474 0.418006 -0.200560 0.828108 0.561431 0.400810 0.539620 0.572513 0.464576 0.417116 0.368762 0.516192 0.693121 0.683487 0.344905 -0.028379 -0.026305 0.023325
-6.058723 3.808467 -4.819922 2.179906 1.363435 2.024633 0.707584 -0.429674 -0.427095 -0.150491 0.558425 0.341564 -0.025077 0.119205 0.325024 0.261282 0.114315 0.248052 0.196777 0.313674 0.344905 0.597401 0.158263 0.006411 0.055927
-2.424531 5.888044 -1.225604 1.997565 -1.076700 0.894144 1.249094 0.238956 -0.197848 0.354758 0.537560 0.371083 0.005445 -0.007013 0.104992 0.055547 0.048352 0.083039 0.024917 -0.065384 -0.028379 0.158263 0.395049 0.127319 -0.015408
6.103255 -0.424350 2.904941 2.774177 -0.747464 0.976095 1.458776 0.152333 -0.263772 0.314643 -0.084281 0.104564 -0.246620 0.048435 0.128965 -0.058401 -0.078157 -0.052788 -0.067463 -0.080861 -0.026305 0.006411 0.127319 0.273620 0.077073
9.510961 8.170852 4.176742 3.218974 2.462476 1.428319 0.605271 0.728367 0.083999 0.082721 0.096123 0.083645 0.009310 0.068977 0.121212 0.074260 0.035442 0.077935 -0.025783 0.002155 0.023325 0.055927 -0.015408 0.077073 0.198173
