# rp  wgg  wgg_err  wgp  wgp_err  wpp  wpp_err
11521.912410 2149.700763 1046.295653 611.921369 206.906196 156.629356 175.045372 177.810215 80.217350 59.980343 42.329423 70.486736 61.897892 25.526298 15.198827 10.522115 9.604015 10.373694 15.965408 3.306197 4.025526 1.745010 2.679713 -2.783771 -0.414047
2149.700763 4778.671982 654.514312 237.693785 321.550618 179.869565 140.760293 115.933911 72.070084 44.122393 40.733913 22.430339 27.603625 11.276227 9.317258 7.491815 7.626706 9.304552 7.819586 2.393865 -0.388302 -2.384755 1.503853 -4.228624 -4.279456
1046.295653 654.514312 1823.956838 48.203396 145.239345 153.434305 153.143366 84.440215 82.397355 66.077160 48.152959 32.941467 27.197284 16.594160 12.900733 5.790781 4.911794 3.962289 2.151153 -1.209561 -2.415428 -2.033877 -0.042861 0.772967 0.000129
611.921369 237.693785 48.203396 835.210716 185.061367 121.741478 97.304329 66.582504 29.300346 34.234835 31.673197 16.893346 16.370186 12.468868 11.166482 4.307402 3.824153 2.926849 2.028197 -0.561692 -1.192145 -0.687145 0.323864 0.319013 1.157696
206.906196 321.550618 145.239345 185.061367 283.591322 73.901422 45.944741 26.093261 26.717058 11.876096 20.433771 13.189729 11.071453 8.572024 4.518677 3.610955 3.448518 1.911975 1.664875 0.565822 -0.229066 -1.017886 -0.424130 -0.015486 -0.407174
156.629356 179.869565 153.434305 121.741478 73.901422 116.400840 36.804974 26.937071 14.698700 13.587014 13.579680 10.232809 7.777359 5.279198 3.782600 1.696501 1.771086 1.431706 1.206401 -0.001409 -0.316787 -0.168331 0.315528 -0.155402 0.184079
175.045372 140.760293 153.143366 97.304329 45.944741 36.804974 71.302450 22.217007 18.223020 15.720780 13.310346 8.663158 6.633709 5.843376 4.491748 3.077764 2.568711 1.884870 1.440322 0.751682 0.493598 0.140179 -0.226929 -0.241512 -0.175992
177.810215 115.933911 84.440215 66.582504 26.093261 26.937071 22.217007 32.600232 12.545616 10.225410 6.934571 4.963032 4.692304 2.610772 2.354014 1.076716 1.011065 0.732818 0.953363 0.438389 0.277360 0.077811 0.162844 0.046464 0.125727
80.217350 72.070084 82.397355 29.300346 26.717058 14.698700 18.223020 12.545616 24.331521 10.481376 8.552847 6.137390 4.755024 2.964681 2.300095 1.943367 1.428475 0.957529 0.779633 0.383716 -0.090701 -0.227391 -0.041593 -0.224247 -0.141813
59.980343 44.122393 66.077160 34.234835 11.876096 13.587014 15.720780 10.225410 10.481376 13.943870 6.606361 3.802306 3.288460 1.962999 1.830233 1.364222 1.097599 0.805212 0.882792 0.315975 0.127760 0.039087 0.019884 -0.142219 0.017303
42.329423 40.733913 48.152959 31.673197 20.433771 13.579680 13.310346 6.934571 8.552847 6.606361 9.153361 4.436421 3.045034 1.950532 1.555404 1.175054 0.881660 0.714996 0.576800 0.379402 0.200236 0.152686 0.108097 -0.024703 0.020425
70.486736 22.430339 32.941467 16.893346 13.189729 10.232809 8.663158 4.963032 6.137390 3.802306 4.436421 4.722356 2.626360 2.011695 1.435538 1.146804 0.912426 0.699246 0.639132 0.451907 0.301991 0.166077 0.075347 -0.108698 -0.069312
61.897892 27.603625 27.197284 16.370186 11.071453 7.777359 6.633709 4.692304 4.755024 3.288460 3.045034 2.626360 3.623490 2.054235 1.570916 1.228664 1.005065 0.740297 0.539079 0.337709 0.232477 0.079503 0.072493 -0.084364 -0.054984
25.526298 11.276227 16.594160 12.468868 8.572024 5.279198 5.843376 2.610772 2.964681 1.962999 1.950532 2.011695 2.054235 2.131954 1.404211 1.078399 0.799955 0.631588 0.476813 0.344908 0.281163 0.051991 -0.021385 -0.075141 -0.062860
15.198827 9.317258 12.900733 11.166482 4.518677 3.782600 4.491748 2.354014 2.300095 1.830233 1.555404 1.435538 1.570916 1.404211 1.714643 1.086492 0.830236 0.619518 0.477112 0.293705 0.255622 0.064035 -0.012611 -0.058808 -0.026836
10.522115 7.491815 5.790781 4.307402 3.610955 1.696501 3.077764 1.076716 1.943367 1.364222 1.175054 1.146804 1.228664 1.078399 1.086492 1.088735 0.857036 0.669201 0.485964 0.343575 0.258889 0.094441 0.030423 -0.014560 -0.032766
9.604015 7.626706 4.911794 3.824153 3.448518 1.771086 2.568711 1.011065 1.428475 1.097599 0.881660 0.912426 1.005065 0.799955 0.830236 0.857036 0.911402 0.667959 0.475860 0.316763 0.209593 0.101156 0.043542 -0.030978 -0.059191
10.373694 9.304552 3.962289 2.926849 1.911975 1.431706 1.884870 0.732818 0.957529 0.805212 0.714996 0.699246 0.740297 0.631588 0.619518 0.669201 0.667959 0.654108 0.493567 0.313029 0.213602 0.120612 0.046829 -0.020729 -0.051308
15.965408 7.819586 2.151153 2.028197 1.664875 1.206401 1.440322 0.953363 0.779633 0.882792 0.576800 0.639132 0.539079 0.476813 0.477112 0.485964 0.475860 0.493567 0.517320 0.343405 0.241108 0.139806 0.033891 -0.028744 -0.044785
3.306197 2.393865 -1.209561 -0.561692 0.565822 -0.001409 0.751682 0.438389 0.383716 0.315975 0.379402 0.451907 0.337709 0.344908 0.293705 0.343575 0.316763 0.313029 0.343405 0.370035 0.284039 0.148531 0.038385 -0.015224 -0.032619
4.025526 -0.388302 -2.415428 -1.192145 -0.229066 -0.316787 0.493598 0.277360 -0.090701 0.127760 0.200236 0.301991 0.232477 0.281163 0.255622 0.258889 0.209593 0.213602 0.241108 0.284039 0.311418 0.157834 0.035917 -0.003802 -0.010134
1.745010 -2.384755 -2.033877 -0.687145 -1.017886 -0.168331 0.140179 0.077811 -0.227391 0.039087 0.152686 0.166077 0.079503 0.051991 0.064035 0.094441 0.101156 0.120612 0.139806 0.148531 0.157834 0.169846 0.078908 0.006057 -0.005933
2.679713 1.503853 -0.042861 0.323864 -0.424130 0.315528 -0.226929 0.162844 -0.041593 0.019884 0.108097 0.075347 0.072493 -0.021385 -0.012611 0.030423 0.043542 0.046829 0.033891 0.038385 0.035917 0.078908 0.132963 0.058510 0.011028
-2.783771 -4.228624 0.772967 0.319013 -0.015486 -0.155402 -0.241512 0.046464 -0.224247 -0.142219 -0.024703 -0.108698 -0.084364 -0.075141 -0.058808 -0.014560 -0.030978 -0.020729 -0.028744 -0.015224 -0.003802 0.006057 0.058510 0.131834 0.057892
-0.414047 -4.279456 0.000129 1.157696 -0.407174 0.184079 -0.175992 0.125727 -0.141813 0.017303 0.020425 -0.069312 -0.054984 -0.062860 -0.026836 -0.032766 -0.059191 -0.051308 -0.044785 -0.032619 -0.010134 -0.005933 0.011028 0.057892 0.090726
