# rp  wgg  wgg_err  wgp  wgp_err  wpp  wpp_err
110.833262 14.740541 6.119621 3.862113 2.408185 -0.930723 -1.288665 0.840330 0.267411 -0.243282 0.082182 0.077771 -0.070758 0.049391 -0.056928 -0.112242 0.009036 0.031610 -0.029678 -0.026025 -0.023049 0.007274 -0.001319 -0.004214 0.006747
14.740541 57.103720 2.699097 -2.858006 0.961810 0.562787 0.129242 0.817679 -0.228761 -0.323191 0.122204 -0.196093 -0.084495 -0.036448 0.041217 -0.029867 0.023046 0.080174 0.037417 -0.016286 0.003454 0.016145 -0.028133 -0.013110 0.017814
6.119621 2.699097 18.605512 -2.199854 0.746082 1.308321 -0.457593 -0.161972 0.325946 -0.109513 0.050618 -0.003514 0.062993 0.015719 -0.007159 0.004336 -0.042575 0.013924 0.032173 -0.002877 0.002338 0.009117 0.016699 0.005485 0.003156
3.862113 -2.858006 -2.199854 8.574284 -0.391003 -0.142793 -0.291508 0.004295 0.083286 0.065111 -0.027852 0.064605 0.016948 0.019334 -0.011355 -0.000453 0.020333 -0.004531 -0.022740 0.000787 0.005218 -0.005892 0.006109 -0.005260 -0.012611
2.408185 0.961810 0.746082 -0.391003 3.514904 -0.049637 0.006635 -0.086838 -0.101613 -0.062545 0.040901 0.034529 -0.005030 -0.013680 0.008280 -0.001125 0.005658 0.009095 0.008166 0.001382 -0.003769 -0.002829 -0.003850 -0.005136 0.000172
-0.930723 0.562787 1.308321 -0.142793 -0.049637 2.084256 0.177228 0.097379 0.085697 0.068002 0.063190 -0.016939 -0.031987 -0.038451 -0.016314 0.008896 -0.014274 -0.004203 -0.000094 0.000017 -0.004816 -0.005952 -0.001533 -0.001231 -0.001407
-1.288665 0.129242 -0.457593 -0.291508 0.006635 0.177228 0.817296 -0.013627 -0.033822 0.045640 -0.030991 -0.014685 0.013116 -0.003123 0.003287 0.000371 0.002686 -0.001112 0.001496 0.001986 0.001196 0.003139 -0.000427 0.000101 -0.000703
0.840330 0.817679 -0.161972 0.004295 -0.086838 0.097379 -0.013627 0.411751 0.066462 0.009953 0.024172 0.016071 -0.003180 0.005911 0.001519 0.002565 0.002430 0.002161 0.001006 0.000262 0.001676 -0.000357 -0.001436 -0.001026 -0.001909
0.267411 -0.228761 0.325946 0.083286 -0.101613 0.085697 -0.033822 0.066462 0.174391 0.010355 -0.005238 0.000743 -0.012245 -0.000015 0.000410 0.005667 -0.000686 0.002130 -0.000857 -0.000347 0.001232 0.001038 0.000651 -0.000347 -0.000747
-0.243282 -0.323191 -0.109513 0.065111 -0.062545 0.068002 0.045640 0.009953 0.010355 0.128747 0.010714 0.001492 0.001163 -0.001378 0.004552 0.006563 0.003142 0.000333 0.000850 -0.000269 0.000154 -0.000436 0.000457 0.000445 -0.000918
0.082182 0.122204 0.050618 -0.027852 0.040901 0.063190 -0.030991 0.024172 -0.005238 0.010714 0.051062 0.008761 0.002522 -0.003121 -0.000851 0.003086 0.000167 -0.000253 -0.001719 -0.000335 0.000171 -0.000580 -0.000226 0.000232 -0.000485
0.077771 -0.196093 -0.003514 0.064605 0.034529 -0.016939 -0.014685 0.016071 0.000743 0.001492 0.008761 0.033710 0.004069 0.001257 0.002686 -0.000041 0.001342 0.001153 0.000503 0.000096 0.001017 -0.000338 0.000482 -0.000144 -0.000349
-0.070758 -0.084495 0.062993 0.016948 -0.005030 -0.031987 0.013116 -0.003180 -0.012245 0.001163 0.002522 0.004069 0.022190 0.003394 0.002708 -0.001002 0.000513 0.000352 0.000144 0.000560 0.000955 0.000063 0.000447 0.000118 -0.000068
0.049391 -0.036448 0.015719 0.019334 -0.013680 -0.038451 -0.003123 0.005911 -0.000015 -0.001378 -0.003121 0.001257 0.003394 0.011429 0.001527 -0.001049 -0.000292 0.000296 -0.000045 -0.000100 0.000036 0.000414 0.000025 0.000213 -0.000000
-0.056928 0.041217 -0.007159 -0.011355 0.008280 -0.016314 0.003287 0.001519 0.000410 0.004552 -0.000851 0.002686 0.002708 0.001527 0.006220 0.000765 0.000217 -0.000153 0.000130 -0.000120 0.000106 -0.000250 -0.000033 -0.000024 0.000222
-0.112242 -0.029867 0.004336 -0.000453 -0.001125 0.008896 0.000371 0.002565 0.005667 0.006563 0.003086 -0.000041 -0.001002 -0.001049 0.000765 0.005267 0.000674 0.000211 0.000283 -0.000168 -0.000103 -0.000056 -0.000083 -0.000159 -0.000132
0.009036 0.023046 -0.042575 0.020333 0.005658 -0.014274 0.002686 0.002430 -0.000686 0.003142 0.000167 0.001342 0.000513 -0.000292 0.000217 0.000674 0.002572 0.000644 0.000367 0.000205 0.000143 -0.000043 -0.000147 -0.000089 -0.000110
0.031610 0.080174 0.013924 -0.004531 0.009095 -0.004203 -0.001112 0.002161 0.002130 0.000333 -0.000253 0.001153 0.000352 0.000296 -0.000153 0.000211 0.000644 0.002095 0.001030 0.000199 0.000198 0.000143 -0.000009 -0.000132 0.000036
-0.029678 0.037417 0.032173 -0.022740 0.008166 -0.000094 0.001496 0.001006 -0.000857 0.000850 -0.001719 0.000503 0.000144 -0.000045 0.000130 0.000283 0.000367 0.001030 0.002055 0.000592 0.000416 0.000332 0.000067 -0.000105 0.000026
-0.026025 -0.016286 -0.002877 0.000787 0.001382 0.000017 0.001986 0.000262 -0.000347 -0.000269 -0.000335 0.000096 0.000560 -0.000100 -0.000120 -0.000168 0.000205 0.000199 0.000592 0.001172 0.000341 0.000254 0.000127 -0.000021 -0.000058
-0.023049 0.003454 0.002338 0.005218 -0.003769 -0.004816 0.001196 0.001676 0.001232 0.000154 0.000171 0.001017 0.000955 0.000036 0.000106 -0.000103 0.000143 0.000198 0.000416 0.000341 0.000814 0.000327 0.000136 -0.000003 -0.000048
0.007274 0.016145 0.009117 -0.005892 -0.002829 -0.005952 0.003139 -0.000357 0.001038 -0.000436 -0.000580 -0.000338 0.000063 0.000414 -0.000250 -0.000056 -0.000043 0.000143 0.000332 0.000254 0.000327 0.000610 0.000221 0.000029 -0.000005
-0.001319 -0.028133 0.016699 0.006109 -0.003850 -0.001533 -0.000427 -0.001436 0.000651 0.000457 -0.000226 0.000482 0.000447 0.000025 -0.000033 -0.000083 -0.000147 -0.000009 0.000067 0.000127 0.000136 0.000221 0.000501 0.000028 -0.000048
-0.004214 -0.013110 0.005485 -0.005260 -0.005136 -0.001231 0.000101 -0.001026 -0.000347 0.000445 0.000232 -0.000144 0.000118 0.000213 -0.000024 -0.000159 -0.000089 -0.000132 -0.000105 -0.000021 -0.000003 0.000029 0.000028 0.000235 0.000036
0.006747 0.017814 0.003156 -0.012611 0.000172 -0.001407 -0.000703 -0.001909 -0.000747 -0.000918 -0.000485 -0.000349 -0.000068 -0.000000 0.000222 -0.000132 -0.000110 0.000036 0.000026 -0.000058 -0.000048 -0.000005 -0.000048 0.000036 0.000270
