# rp  wgg  wgg_err  wgp  wgp_err  wpp  wpp_err
288.032805 29.943497 11.850896 7.465375 3.023437 -1.837048 -1.342890 4.281113 0.064334 -0.914059 0.320000 0.865460 -0.026636 0.105772 -0.067855 -0.020236 0.071376 0.188942 0.233812 0.101975 0.074652 0.008402 0.093118 0.051403 -0.031765
29.943497 171.248962 10.675541 -5.756259 -3.929259 1.486044 1.611103 0.527390 -0.821681 -0.132120 -0.377880 -0.412438 -0.191728 -0.136666 -0.166497 -0.005782 0.023070 0.011742 -0.058155 -0.047807 -0.029122 0.016688 -0.037237 -0.045141 -0.020607
11.850896 10.675541 39.609238 2.507124 -1.669222 5.232182 -0.497150 0.452712 0.299792 -0.612502 -0.013830 0.083154 0.076930 0.022422 -0.050661 0.105748 -0.054125 0.020838 0.004324 -0.006064 -0.007703 0.025762 0.018342 0.001203 -0.019096
7.465375 -5.756259 2.507124 23.585667 -0.896285 -0.083918 -0.377572 0.077671 0.519402 0.247459 0.001068 -0.029111 0.075121 -0.044335 -0.003082 0.029069 -0.008448 -0.041793 -0.024377 0.002867 0.041511 -0.000269 0.014744 0.002188 0.002773
3.023437 -3.929259 -1.669222 -0.896285 7.240410 -1.017845 0.285869 -0.198575 -0.296541 0.179285 0.029279 0.058814 0.036376 -0.029217 0.000098 -0.005220 0.001032 0.024035 -0.014027 0.018405 -0.004148 -0.014666 -0.008088 -0.007890 0.001520
-1.837048 1.486044 5.232182 -0.083918 -1.017845 6.148315 0.360002 0.123961 0.343768 -0.109288 -0.006541 -0.007489 -0.060649 -0.035736 -0.007273 0.051973 0.002974 0.004832 0.002898 0.005373 -0.014051 -0.004855 0.012244 0.005712 0.002792
-1.342890 1.611103 -0.497150 -0.377572 0.285869 0.360002 1.877684 0.220973 0.217125 0.167598 -0.028664 -0.005595 0.003500 -0.001400 -0.005723 0.008028 0.023179 0.006195 0.015136 0.009835 -0.001974 0.002287 -0.002088 -0.000362 0.001304
4.281113 0.527390 0.452712 0.077671 -0.198575 0.123961 0.220973 1.101943 0.076352 0.036234 0.055832 0.010965 0.009201 0.020627 0.002377 -0.009423 0.015795 0.012451 0.001247 -0.004882 0.005039 -0.000393 -0.001642 -0.001419 -0.000722
0.064334 -0.821681 0.299792 0.519402 -0.296541 0.343768 0.217125 0.076352 0.532935 0.064003 0.042318 -0.018972 -0.035172 -0.002498 -0.005292 0.017317 0.012756 0.004490 0.000420 -0.000743 0.002405 0.001209 -0.000549 -0.002029 0.001302
-0.914059 -0.132120 -0.612502 0.247459 0.179285 -0.109288 0.167598 0.036234 0.064003 0.253732 0.014084 -0.019995 -0.003408 0.001093 0.009455 0.006786 0.006030 0.003277 0.001408 0.003964 0.003164 -0.000998 0.002717 0.001324 0.000703
0.320000 -0.377880 -0.013830 0.001068 0.029279 -0.006541 -0.028664 0.055832 0.042318 0.014084 0.120934 0.017823 0.011617 0.008108 0.000783 0.002454 0.005666 -0.003153 0.000102 0.001452 0.004051 -0.000479 -0.000597 -0.001577 -0.001349
0.865460 -0.412438 0.083154 -0.029111 0.058814 -0.007489 -0.005595 0.010965 -0.018972 -0.019995 0.017823 0.083461 0.011145 0.009891 0.006752 0.003467 0.001410 0.000965 -0.000627 0.000526 0.002700 -0.000162 -0.000105 -0.001281 -0.001120
-0.026636 -0.191728 0.076930 0.075121 0.036376 -0.060649 0.003500 0.009201 -0.035172 -0.003408 0.011617 0.011145 0.044720 0.004566 0.002737 -0.004047 0.000280 -0.000694 0.000731 0.002711 0.001562 0.000216 -0.000327 -0.000164 -0.000427
0.105772 -0.136666 0.022422 -0.044335 -0.029217 -0.035736 -0.001400 0.020627 -0.002498 0.001093 0.008108 0.009891 0.004566 0.024160 0.003382 0.000063 -0.000221 0.000244 0.000032 0.000461 0.001000 0.000590 0.000153 0.000092 -0.000459
-0.067855 -0.166497 -0.050661 -0.003082 0.000098 -0.007273 -0.005723 0.002377 -0.005292 0.009455 0.000783 0.006752 0.002737 0.003382 0.014030 0.001965 0.000546 -0.000422 0.000699 -0.000025 0.000430 -0.000133 0.000385 0.000180 0.000084
-0.020236 -0.005782 0.105748 0.029069 -0.005220 0.051973 0.008028 -0.009423 0.017317 0.006786 0.002454 0.003467 -0.004047 0.000063 0.001965 0.013624 0.001831 0.000195 -0.000009 -0.000483 -0.000645 0.000411 0.000659 -0.000589 -0.000310
0.071376 0.023070 -0.054125 -0.008448 0.001032 0.002974 0.023179 0.015795 0.012756 0.006030 0.005666 0.001410 0.000280 -0.000221 0.000546 0.001831 0.008379 0.001599 0.000411 0.000319 0.000459 0.000267 -0.000738 -0.000334 -0.000682
0.188942 0.011742 0.020838 -0.041793 0.024035 0.004832 0.006195 0.012451 0.004490 0.003277 -0.003153 0.000965 -0.000694 0.000244 -0.000422 0.000195 0.001599 0.005075 0.001826 0.000455 -0.000292 -0.000005 -0.000166 -0.000353 -0.000014
0.233812 -0.058155 0.004324 -0.024377 -0.014027 0.002898 0.015136 0.001247 0.000420 0.001408 0.000102 -0.000627 0.000731 0.000032 0.000699 -0.000009 0.000411 0.001826 0.004419 0.001517 -0.000117 0.000210 -0.000037 -0.000014 0.000164
0.101975 -0.047807 -0.006064 0.002867 0.018405 0.005373 0.009835 -0.004882 -0.000743 0.003964 0.001452 0.000526 0.002711 0.000461 -0.000025 -0.000483 0.000319 0.000455 0.001517 0.003255 0.001015 0.000395 0.000374 -0.000032 -0.000075
0.074652 -0.029122 -0.007703 0.041511 -0.004148 -0.014051 -0.001974 0.005039 0.002405 0.003164 0.004051 0.002700 0.001562 0.001000 0.000430 -0.000645 0.000459 -0.000292 -0.000117 0.001015 0.002242 0.000482 0.000094 0.000057 -0.000222
0.008402 0.016688 0.025762 -0.000269 -0.014666 -0.004855 0.002287 -0.000393 0.001209 -0.000998 -0.000479 -0.000162 0.000216 0.000590 -0.000133 0.000411 0.000267 -0.000005 0.000210 0.000395 0.000482 0.001102 0.000149 -0.000015 -0.000070
0.093118 -0.037237 0.018342 0.014744 -0.008088 0.012244 -0.002088 -0.001642 -0.000549 0.002717 -0.000597 -0.000105 -0.000327 0.000153 0.000385 0.000659 -0.000738 -0.000166 -0.000037 0.000374 0.000094 0.000149 0.001528 0.000319 0.000090
0.051403 -0.045141 0.001203 0.002188 -0.007890 0.005712 -0.000362 -0.001419 -0.002029 0.001324 -0.001577 -0.001281 -0.000164 0.000092 0.000180 -0.000589 -0.000334 -0.000353 -0.000014 -0.000032 0.000057 -0.000015 0.000319 0.000789 0.000214
-0.031765 -0.020607 -0.019096 0.002773 0.001520 0.002792 0.001304 -0.000722 0.001302 0.000703 -0.001349 -0.001120 -0.000427 -0.000459 0.000084 -0.000310 -0.000682 -0.000014 0.000164 -0.000075 -0.000222 -0.000070 0.000090 0.000214 0.000684
