# rp  wgg  wgg_err  wgp  wgp_err  wpp  wpp_err
22658.027412 4075.672424 2837.784637 1367.660449 976.089623 308.041885 382.177352 355.163817 180.787427 39.203981 135.809032 83.677663 124.836345 68.274780 51.324424 39.746891 34.069021 41.419453 36.047612 15.445282 7.374151 7.878829 8.295859 -3.506094 -3.665703
4075.672424 10777.356834 1141.863125 446.535298 695.119182 432.775923 97.530455 268.890794 130.526596 69.508997 68.573993 27.395757 42.446226 7.890952 13.045193 14.302928 6.199026 9.540648 -4.087124 -12.141255 -10.257393 -5.337022 -0.956754 -5.082303 -2.024607
2837.784637 1141.863125 3826.170472 761.372117 674.245432 329.754490 276.628571 247.274034 173.857877 142.046426 106.475698 65.078183 72.943549 36.857188 23.365710 14.883171 15.491787 9.486883 7.729695 2.435206 1.634844 0.517325 -2.662686 0.822771 -1.865682
1367.660449 446.535298 761.372117 2025.609848 613.391548 325.121029 287.197252 213.281211 110.818907 80.855597 77.989812 42.137858 48.015297 38.018016 23.907543 20.198717 10.392946 9.436032 5.641116 1.738001 3.130822 2.277311 1.126020 1.458220 -1.775221
976.089623 695.119182 674.245432 613.391548 819.758024 254.323552 141.782452 125.231255 105.924013 49.115502 52.271745 36.999555 37.287794 21.868646 14.025236 12.282474 10.127311 5.907594 6.557916 3.739330 0.956660 -1.161387 -1.848312 0.501759 -2.935071
308.041885 432.775923 329.754490 325.121029 254.323552 257.121702 95.009872 90.142835 42.954430 26.246764 27.593082 17.840180 17.671028 8.814691 6.201055 4.609290 4.558653 3.215960 1.983075 0.178299 -1.352501 -0.927896 -0.561841 -0.282853 -1.321842
382.177352 97.530455 276.628571 287.197252 141.782452 95.009872 174.412211 68.806613 40.772337 31.695133 25.887058 18.673153 16.451090 10.387650 9.283189 7.368144 6.956581 5.320829 3.879271 1.999735 2.242225 1.375950 0.463683 0.017686 -0.843654
355.163817 268.890794 247.274034 213.281211 125.231255 90.142835 68.806613 82.178542 28.678511 23.968532 19.696799 13.242686 13.670180 7.924912 6.411169 4.058112 3.156604 2.241901 1.423953 0.623861 0.387236 0.513109 -0.143161 0.240779 -0.070285
180.787427 130.526596 173.857877 110.818907 105.924013 42.954430 40.772337 28.678511 52.830302 20.449799 16.206187 12.353796 11.129773 6.552821 4.763452 5.049542 4.093474 3.315310 2.347716 1.497013 0.585779 0.303132 0.017600 -0.013177 -0.361851
39.203981 69.508997 142.046426 80.855597 49.115502 26.246764 31.695133 23.968532 20.449799 26.332583 12.388989 8.898461 8.438509 5.337574 4.487207 3.754854 2.765596 2.270638 2.164224 1.436700 0.917623 0.216308 -0.335547 0.121253 -0.000638
135.809032 68.573993 106.475698 77.989812 52.271745 27.593082 25.887058 19.696799 16.206187 12.388989 15.655088 8.505140 6.517219 4.187532 2.913859 2.341195 2.041787 1.614803 1.198649 0.884477 0.738258 0.699647 0.302702 0.316140 -0.095210
83.677663 27.395757 65.078183 42.137858 36.999555 17.840180 18.673153 13.242686 12.353796 8.898461 8.505140 8.435187 5.548513 3.403233 2.580747 2.435616 2.131229 1.579676 1.348145 0.889790 0.658846 0.446455 0.178086 0.131080 -0.221968
124.836345 42.446226 72.943549 48.015297 37.287794 17.671028 16.451090 13.670180 11.129773 8.438509 6.517219 5.548513 7.389233 4.224174 3.151895 2.849770 2.284724 1.770630 1.308555 0.960250 0.642718 0.350931 -0.007294 0.090952 -0.134719
68.274780 7.890952 36.857188 38.018016 21.868646 8.814691 10.387650 7.924912 6.552821 5.337574 4.187532 3.403233 4.224174 3.997585 2.495397 2.188925 1.554435 1.302188 0.947256 0.697813 0.636308 0.364205 0.117666 0.103688 -0.099822
51.324424 13.045193 23.365710 23.907543 14.025236 6.201055 9.283189 6.411169 4.763452 4.487207 2.913859 2.580747 3.151895 2.495397 2.799923 1.944901 1.512237 1.204548 0.901728 0.575241 0.505962 0.263672 0.049707 0.069426 -0.010231
39.746891 14.302928 14.883171 20.198717 12.282474 4.609290 7.368144 4.058112 5.049542 3.754854 2.341195 2.435616 2.849770 2.188925 1.944901 2.524107 1.848444 1.548970 1.135910 0.761841 0.569384 0.337106 0.063787 0.059631 -0.041252
34.069021 6.199026 15.491787 10.392946 10.127311 4.558653 6.956581 3.156604 4.093474 2.765596 2.041787 2.131229 2.284724 1.554435 1.512237 1.848444 1.919086 1.433042 1.062143 0.710464 0.520048 0.361881 0.143405 0.066722 -0.046271
41.419453 9.540648 9.486883 9.436032 5.907594 3.215960 5.320829 2.241901 3.315310 2.270638 1.614803 1.579676 1.770630 1.302188 1.204548 1.548970 1.433042 1.500478 1.064060 0.725756 0.502517 0.324436 0.143219 0.056134 -0.021989
36.047612 -4.087124 7.729695 5.641116 6.557916 1.983075 3.879271 1.423953 2.347716 2.164224 1.198649 1.348145 1.308555 0.947256 0.901728 1.135910 1.062143 1.064060 1.025131 0.716633 0.479363 0.279750 0.096428 0.025234 -0.016070
15.445282 -12.141255 2.435206 1.738001 3.739330 0.178299 1.999735 0.623861 1.497013 1.436700 0.884477 0.889790 0.960250 0.697813 0.575241 0.761841 0.710464 0.725756 0.716633 0.734128 0.523007 0.327279 0.140043 0.061791 0.024182
7.374151 -10.257393 1.634844 3.130822 0.956660 -1.352501 2.242225 0.387236 0.585779 0.917623 0.738258 0.658846 0.642718 0.636308 0.505962 0.569384 0.520048 0.502517 0.479363 0.523007 0.570292 0.358015 0.184535 0.140668 0.060937
7.878829 -5.337022 0.517325 2.277311 -1.161387 -0.927896 1.375950 0.513109 0.303132 0.216308 0.699647 0.446455 0.350931 0.364205 0.263672 0.337106 0.361881 0.324436 0.279750 0.327279 0.358015 0.404930 0.229879 0.123931 0.055892
8.295859 -0.956754 -2.662686 1.126020 -1.848312 -0.561841 0.463683 -0.143161 0.017600 -0.335547 0.302702 0.178086 -0.007294 0.117666 0.049707 0.063787 0.143405 0.143219 0.096428 0.140043 0.184535 0.229879 0.310289 0.164329 0.043222
-3.506094 -5.082303 0.822771 1.458220 0.501759 -0.282853 0.017686 0.240779 -0.013177 0.121253 0.316140 0.131080 0.090952 0.103688 0.069426 0.059631 0.066722 0.056134 0.025234 0.061791 0.140668 0.123931 0.164329 0.278811 0.127728
-3.665703 -2.024607 -1.865682 -1.775221 -2.935071 -1.321842 -0.843654 -0.070285 -0.361851 -0.000638 -0.095210 -0.221968 -0.134719 -0.099822 -0.010231 -0.041252 -0.046271 -0.021989 -0.016070 0.024182 0.060937 0.055892 0.043222 0.127728 0.202659
