# rp  wgg  wgg_err  wgp  wgp_err  wpp  wpp_err
21986.354114 1858.271275 537.341836 468.370515 217.499867 331.912401 435.291945 438.974900 252.735068 207.807194 142.144421 79.336591 121.828102 45.507443 -0.434396 17.199621 21.475951 5.693769 13.891294 4.388705 6.968793 3.347998 -3.569367 -0.704342 11.696818
1858.271275 11628.853173 -16.074729 140.657231 865.256431 427.232490 533.265390 226.125940 153.217171 167.433908 181.467184 79.234578 77.405769 81.134897 75.678588 57.920794 33.101436 35.118890 34.885383 23.252714 16.983910 5.512386 2.767176 -1.446486 0.615238
537.341836 -16.074729 2479.984898 94.112003 126.448341 191.569703 301.638763 83.783382 95.824148 66.928910 42.873647 20.713362 21.275108 8.837597 17.547528 8.208117 11.284063 3.498724 3.466020 0.327211 -7.458855 -10.023831 -4.205817 1.143719 3.902909
468.370515 140.657231 94.112003 1737.012057 303.263873 196.899242 91.599342 98.261544 54.710606 54.261926 25.915101 27.525327 26.904327 23.059779 27.266711 15.251951 13.870843 10.040130 5.784391 2.583201 -0.809733 -3.084181 -0.545930 -1.406376 1.117277
217.499867 865.256431 126.448341 303.263873 470.632265 144.149268 100.516190 63.461579 35.299940 27.600315 29.408534 22.813384 20.031672 14.051921 14.898715 9.100087 6.822128 3.142230 1.368035 0.379319 0.198884 0.322581 -2.208633 -2.000992 0.337978
331.912401 427.232490 191.569703 196.899242 144.149268 367.402086 106.152154 65.764884 47.797210 34.422563 32.813661 29.525063 19.913348 15.450233 14.964752 6.932843 4.330516 5.838586 5.468427 1.759104 1.368307 0.864755 0.869696 -0.199502 0.335133
435.291945 533.265390 301.638763 91.599342 100.516190 106.152154 163.569023 54.643906 46.575983 40.092326 31.328703 20.290763 13.556399 13.148972 12.927684 8.014059 6.006022 5.120030 5.192039 3.008014 1.246253 -0.412852 -0.959954 -0.265379 0.364296
438.974900 226.125940 83.783382 98.261544 63.461579 65.764884 54.643906 82.296452 35.988645 24.783299 18.189274 9.412399 9.864924 5.644726 7.897175 4.337247 3.923204 2.460420 2.877234 1.796709 0.936653 -0.106539 0.140211 0.126357 0.248311
252.735068 153.217171 95.824148 54.710606 35.299940 47.797210 46.575983 35.988645 49.113083 23.152804 15.435053 11.001020 8.480349 5.718974 6.420495 4.128486 4.011447 2.416408 1.807972 0.567369 0.065601 -0.601680 0.161481 0.140562 0.429346
207.807194 167.433908 66.928910 54.261926 27.600315 34.422563 40.092326 24.783299 23.152804 33.262516 13.906582 7.361266 7.468936 5.616309 5.742323 3.239368 3.025576 2.074748 1.706820 0.670523 0.392374 0.023695 0.128098 -0.061249 0.309609
142.144421 181.467184 42.873647 25.915101 29.408534 32.813661 31.328703 18.189274 15.435053 13.906582 19.245860 8.095974 6.397253 4.939617 5.236791 3.320811 2.372091 2.030401 1.166273 0.734187 0.286243 0.227029 0.289479 -0.033888 0.031590
79.336591 79.234578 20.713362 27.525327 22.813384 29.525063 20.290763 9.412399 11.001020 7.361266 8.095974 11.314933 5.107558 4.634081 3.970128 2.781808 2.283457 1.786539 1.483600 0.873844 0.695309 0.294685 -0.072280 -0.276681 0.041591
121.828102 77.405769 21.275108 26.904327 20.031672 19.913348 13.556399 9.864924 8.480349 7.468936 6.397253 5.107558 6.876867 3.908551 3.270432 2.521063 2.119429 1.264385 0.973869 0.500981 0.316030 0.044193 0.048874 -0.175144 0.070358
45.507443 81.134897 8.837597 23.059779 14.051921 15.450233 13.148972 5.644726 5.718974 5.616309 4.939617 4.634081 3.908551 4.938034 3.789563 2.571864 2.062797 1.618119 1.469371 0.974966 0.606971 0.114915 -0.138959 -0.240027 -0.047566
-0.434396 75.678588 17.547528 27.266711 14.898715 14.964752 12.927684 7.897175 6.420495 5.742323 5.236791 3.970128 3.270432 3.789563 4.758721 2.749606 2.141540 1.722254 1.407659 0.961012 0.589819 0.130558 -0.045560 -0.177813 -0.014185
17.199621 57.920794 8.208117 15.251951 9.100087 6.932843 8.014059 4.337247 4.128486 3.239368 3.320811 2.781808 2.521063 2.571864 2.749606 2.350617 1.627707 1.234578 0.980707 0.669314 0.415382 0.088541 -0.071015 -0.121376 0.007167
21.475951 33.101436 11.284063 13.870843 6.822128 4.330516 6.006022 3.923204 4.011447 3.025576 2.372091 2.283457 2.119429 2.062797 2.141540 1.627707 2.026522 1.373143 1.067423 0.655313 0.329237 0.068640 -0.060230 -0.112142 0.021245
5.693769 35.118890 3.498724 10.040130 3.142230 5.838586 5.120030 2.460420 2.416408 2.074748 2.030401 1.786539 1.264385 1.618119 1.722254 1.234578 1.373143 1.444035 1.148989 0.741149 0.469261 0.216621 0.002400 -0.071287 -0.056613
13.891294 34.885383 3.466020 5.784391 1.368035 5.468427 5.192039 2.877234 1.807972 1.706820 1.166273 1.483600 0.973869 1.469371 1.407659 0.980707 1.067423 1.148989 1.323563 0.859666 0.579722 0.259770 -0.029470 -0.056890 -0.094259
4.388705 23.252714 0.327211 2.583201 0.379319 1.759104 3.008014 1.796709 0.567369 0.670523 0.734187 0.873844 0.500981 0.974966 0.961012 0.669314 0.655313 0.741149 0.859666 0.947942 0.654116 0.275137 -0.046525 -0.064132 -0.070306
6.968793 16.983910 -7.458855 -0.809733 0.198884 1.368307 1.246253 0.936653 0.065601 0.392374 0.286243 0.695309 0.316030 0.606971 0.589819 0.415382 0.329237 0.469261 0.579722 0.654116 0.671660 0.301888 -0.057535 -0.088337 -0.084504
3.347998 5.512386 -10.023831 -3.084181 0.322581 0.864755 -0.412852 -0.106539 -0.601680 0.023695 0.227029 0.294685 0.044193 0.114915 0.130558 0.088541 0.068640 0.216621 0.259770 0.275137 0.301888 0.470365 0.163495 -0.033208 -0.045708
-3.569367 2.767176 -4.205817 -0.545930 -2.208633 0.869696 -0.959954 0.140211 0.161481 0.128098 0.289479 -0.072280 0.048874 -0.138959 -0.045560 -0.071015 -0.060230 0.002400 -0.029470 -0.046525 -0.057535 0.163495 0.400471 0.137558 -0.005243
-0.704342 -1.446486 1.143719 -1.406376 -2.000992 -0.199502 -0.265379 0.126357 0.140562 -0.061249 -0.033888 -0.276681 -0.175144 -0.240027 -0.177813 -0.121376 -0.112142 -0.071287 -0.056890 -0.064132 -0.088337 -0.033208 0.137558 0.213955 0.042649
11.696818 0.615238 3.902909 1.117277 0.337978 0.335133 0.364296 0.248311 0.429346 0.309609 0.031590 0.041591 0.070358 -0.047566 -0.014185 0.007167 0.021245 -0.056613 -0.094259 -0.070306 -0.084504 -0.045708 -0.005243 0.042649 0.157624
