# rp  wgg  wgg_err  wgp  wgp_err  wpp  wpp_err
16622.223469 3240.195330 1107.662113 858.574289 911.669592 445.185487 513.979849 497.733993 284.365337 167.623155 129.806929 109.226169 100.586713 56.115487 43.470917 27.339814 30.329384 11.685388 16.767064 11.958250 7.764179 5.833789 1.836321 4.598778 13.092072
3240.195330 9006.581961 623.279568 592.206154 888.626744 494.660051 484.800228 344.329453 239.314995 175.063074 177.065362 104.888006 116.800918 86.802110 83.552190 64.711971 44.803167 34.717812 36.138814 26.667969 16.055612 5.735388 2.821793 -0.612368 2.667735
1107.662113 623.279568 1940.247300 263.671337 315.225143 210.424791 290.376264 152.710025 127.568084 94.682473 68.625760 46.543720 31.341769 28.737857 25.799772 15.662175 16.779821 12.461964 9.168764 5.111088 -2.348035 -6.685376 -3.098019 1.047260 4.168465
858.574289 592.206154 263.671337 1235.061966 393.465067 240.173592 122.406316 132.709308 91.722919 75.832136 58.368942 41.604817 38.036640 31.135367 31.665717 20.497209 16.127643 10.212904 5.733296 4.487809 1.390868 -1.168541 0.866907 0.612180 3.128200
911.669592 888.626744 315.225143 393.465067 478.247166 170.673111 127.399190 99.047467 77.202640 46.471712 37.224362 30.775356 24.791301 17.235361 18.631749 13.595149 10.859535 6.480450 4.889535 3.634371 1.897855 0.888959 -1.156013 -0.271977 2.970570
445.185487 494.660051 210.424791 240.173592 170.673111 217.470564 87.019057 77.175005 55.841189 33.379066 29.299146 25.801663 21.125076 13.858137 12.268538 7.836011 5.987677 4.617487 4.366538 1.928500 1.385139 0.790306 0.787064 0.929299 1.579164
513.979849 484.800228 290.376264 122.406316 127.399190 87.019057 127.511454 67.098655 54.619368 35.723532 28.818128 20.692210 15.722828 13.365836 11.175387 7.470419 6.518416 5.624751 5.281021 3.643818 1.298002 0.114857 0.068611 0.943373 1.440166
497.733993 344.329453 152.710025 132.709308 99.047467 77.175005 67.098655 74.780458 39.027235 25.118701 20.249527 14.197598 11.811264 8.849810 9.318643 6.138939 5.172994 3.491197 4.070871 2.716414 1.404256 0.247896 0.266276 0.370938 0.755634
284.365337 239.314995 127.568084 91.722919 77.202640 55.841189 54.619368 39.027235 42.345479 24.291815 18.183948 12.954912 10.991452 8.200226 7.588373 5.758642 5.193729 3.842881 3.137600 1.687734 0.595666 -0.309814 0.120307 0.295362 0.588417
167.623155 175.063074 94.682473 75.832136 46.471712 33.379066 35.723532 25.118701 24.291815 28.368040 14.753840 9.819223 8.573684 7.045200 6.456795 4.337410 3.663778 2.532362 2.034676 1.351066 0.550571 -0.077267 0.143200 0.259393 0.457992
129.806929 177.065362 68.625760 58.368942 37.224362 29.299146 28.818128 20.249527 18.183948 14.753840 16.434037 8.366565 6.908050 5.581373 5.105448 3.790828 2.849614 2.241163 1.681461 1.500951 0.610860 0.177541 0.321863 0.184997 0.306128
109.226169 104.888006 46.543720 41.604817 30.775356 25.801663 20.692210 14.197598 12.954912 9.819223 8.366565 9.036073 5.743178 5.036424 4.002275 2.885221 2.260794 1.723638 1.438439 1.051733 0.579171 0.167909 0.175608 0.037495 0.199183
100.586713 116.800918 31.341769 38.036640 24.791301 21.125076 15.722828 11.811264 10.991452 8.573684 6.908050 5.743178 6.667043 4.691481 3.672673 2.993549 2.439033 1.656703 1.239984 0.822562 0.377788 -0.020538 0.130284 -0.007685 0.202111
56.115487 86.802110 28.737857 31.135367 17.235361 13.858137 13.365836 8.849810 8.200226 7.045200 5.581373 5.036424 4.691481 5.416736 4.067547 2.974599 2.378151 1.822369 1.547056 1.182668 0.652473 0.081707 -0.045576 -0.086615 0.058448
43.470917 83.552190 25.799772 31.665717 18.631749 12.268538 11.175387 9.318643 7.588373 6.456795 5.105448 4.002275 3.672673 4.067547 4.435585 2.866490 2.308701 1.756475 1.452851 1.071904 0.600913 0.066926 -0.046489 -0.059137 0.086646
27.339814 64.711971 15.662175 20.497209 13.595149 7.836011 7.470419 6.138939 5.758642 4.337410 3.790828 2.885221 2.993549 2.974599 2.866490 2.553345 1.935915 1.408077 1.084565 0.802812 0.445451 0.051401 -0.060080 -0.090229 0.066970
30.329384 44.803167 16.779821 16.127643 10.859535 5.987677 6.518416 5.172994 5.193729 3.663778 2.849614 2.260794 2.439033 2.378151 2.308701 1.935915 2.103255 1.472831 1.113837 0.700012 0.338258 0.018852 -0.048905 -0.070158 0.063114
11.685388 34.717812 12.461964 10.212904 6.480450 4.617487 5.624751 3.491197 3.842881 2.532362 2.241163 1.723638 1.656703 1.822369 1.756475 1.408077 1.472831 1.493936 1.178670 0.747921 0.423565 0.158511 -0.001406 -0.069923 0.008230
16.767064 36.138814 9.168764 5.733296 4.889535 4.366538 5.281021 4.070871 3.137600 2.034676 1.681461 1.438439 1.239984 1.547056 1.452851 1.084565 1.113837 1.178670 1.315993 0.874786 0.534090 0.210588 -0.023820 -0.085423 -0.061630
11.958250 26.667969 5.111088 4.487809 3.634371 1.928500 3.643818 2.716414 1.687734 1.351066 1.500951 1.051733 0.822562 1.182668 1.071904 0.802812 0.700012 0.747921 0.874786 0.976244 0.665961 0.247662 -0.060412 -0.099093 -0.033819
7.764179 16.055612 -2.348035 1.390868 1.897855 1.385139 1.298002 1.404256 0.595666 0.550571 0.610860 0.579171 0.377788 0.652473 0.600913 0.445451 0.338258 0.423565 0.534090 0.665961 0.635290 0.293674 -0.058199 -0.093275 -0.034326
5.833789 5.735388 -6.685376 -1.168541 0.888959 0.790306 0.114857 0.247896 -0.309814 -0.077267 0.177541 0.167909 -0.020538 0.081707 0.066926 0.051401 0.018852 0.158511 0.210588 0.247662 0.293674 0.466318 0.161063 0.000161 -0.001693
1.836321 2.821793 -3.098019 0.866907 -1.156013 0.787064 0.068611 0.266276 0.120307 0.143200 0.321863 0.175608 0.130284 -0.045576 -0.046489 -0.060080 -0.048905 -0.001406 -0.023820 -0.060412 -0.058199 0.161063 0.357976 0.133954 -0.008481
4.598778 -0.612368 1.047260 0.612180 -0.271977 0.929299 0.943373 0.370938 0.295362 0.259393 0.184997 0.037495 -0.007685 -0.086615 -0.059137 -0.090229 -0.070158 -0.069923 -0.085423 -0.099093 -0.093275 0.000161 0.133954 0.234198 0.077769
13.092072 2.667735 4.168465 3.128200 2.970570 1.579164 1.440166 0.755634 0.588417 0.457992 0.306128 0.199183 0.202111 0.058448 0.086646 0.066970 0.063114 0.008230 -0.061630 -0.033819 -0.034326 -0.001693 -0.008481 0.077769 0.186897
