# rp  wgg  wgg_err  wgp  wgp_err  wpp  wpp_err
87.442973 1.725339 3.424328 1.678724 1.311195 -0.351029 -0.311856 1.109793 -0.256315 -0.426186 -0.056876 0.181413 -0.031774 0.081351 0.070039 0.039907 -0.025602 0.017388 0.064220 0.020711 0.034489 0.016813 0.037186 -0.008950 -0.006125
1.725339 49.568425 2.204781 3.852792 -1.898036 -0.194875 0.421660 0.068534 -0.327245 0.198869 -0.011155 -0.094302 0.053785 -0.027362 -0.014331 -0.031778 -0.030763 -0.063121 -0.008127 -0.006593 -0.003911 -0.004958 -0.009742 0.005478 0.015294
3.424328 2.204781 13.045225 0.967334 -0.287154 1.725670 -0.506881 0.155317 0.085149 -0.099570 -0.023379 -0.027165 0.010926 -0.039776 -0.007627 0.038429 -0.022741 -0.016946 0.001382 -0.009298 0.002832 0.009301 0.016557 0.007910 -0.004275
1.678724 3.852792 0.967334 7.461094 -0.302144 0.130318 -0.083576 0.085658 0.134284 0.068038 0.031943 -0.057702 0.008987 -0.000365 0.000482 0.008197 -0.009537 -0.025339 -0.012353 -0.002414 0.003621 0.002362 0.000165 0.002054 -0.002417
1.311195 -1.898036 -0.287154 -0.302144 2.863031 0.109099 0.018142 -0.173091 -0.072403 0.011956 0.031987 0.009120 -0.007825 0.009187 0.010891 0.002013 0.010164 -0.005469 0.000488 0.009053 0.002864 -0.000670 0.000629 -0.005204 -0.001214
-0.351029 -0.194875 1.725670 0.130318 0.109099 1.659678 -0.099784 0.008855 0.036096 -0.002773 -0.003512 -0.008179 -0.007981 -0.011404 0.001144 0.013358 -0.001746 0.003596 0.006168 0.000701 0.000754 -0.001983 0.001506 0.002327 0.001037
-0.311856 0.421660 -0.506881 -0.083576 0.018142 -0.099784 0.644965 0.053578 0.072937 0.029250 -0.005098 -0.009748 -0.009449 -0.006922 -0.010536 0.003170 0.002892 0.002528 0.002440 -0.001496 -0.004119 -0.001041 -0.002537 -0.000858 0.001465
1.109793 0.068534 0.155317 0.085658 -0.173091 0.008855 0.053578 0.379532 0.041104 0.001176 -0.020860 0.002788 -0.001158 0.001055 0.001775 0.003131 0.003509 0.000788 0.000296 -0.001635 -0.000013 0.001822 -0.000651 -0.001112 -0.001652
-0.256315 -0.327245 0.085149 0.134284 -0.072403 0.036096 0.072937 0.041104 0.141561 0.024285 0.003156 -0.000586 -0.009882 0.000197 -0.001651 -0.001180 0.002654 0.000821 0.000069 -0.000025 0.000822 -0.000319 -0.001348 0.000483 0.000322
-0.426186 0.198869 -0.099570 0.068038 0.011956 -0.002773 0.029250 0.001176 0.024285 0.070616 0.001889 -0.002812 -0.002585 0.003890 -0.000926 -0.000058 0.001233 -0.000619 -0.001131 -0.000518 0.000600 -0.000833 -0.000314 -0.000165 -0.000078
-0.056876 -0.011155 -0.023379 0.031943 0.031987 -0.003512 -0.005098 -0.020860 0.003156 0.001889 0.047780 0.002165 0.000981 0.002671 0.000079 -0.000360 0.000301 -0.002181 0.000449 -0.000366 0.000960 -0.000151 0.000039 -0.000062 -0.000005
0.181413 -0.094302 -0.027165 -0.057702 0.009120 -0.008179 -0.009748 0.002788 -0.000586 -0.002812 0.002165 0.026854 0.002152 0.001498 0.000956 -0.001219 -0.000502 -0.000131 -0.000697 -0.000058 0.000962 0.000140 -0.000122 -0.000550 -0.000740
-0.031774 0.053785 0.010926 0.008987 -0.007825 -0.007981 -0.009449 -0.001158 -0.009882 -0.002585 0.000981 0.002152 0.012682 0.000545 0.000583 -0.001173 -0.000334 0.000007 0.000278 0.000576 0.000356 0.000341 0.000281 0.000019 0.000080
0.081351 -0.027362 -0.039776 -0.000365 0.009187 -0.011404 -0.006922 0.001055 0.000197 0.003890 0.002671 0.001498 0.000545 0.008077 0.001065 -0.000132 0.000165 0.000079 0.000224 0.000422 0.000342 -0.000187 -0.000004 -0.000103 -0.000248
0.070039 -0.014331 -0.007627 0.000482 0.010891 0.001144 -0.010536 0.001775 -0.001651 -0.000926 0.000079 0.000956 0.000583 0.001065 0.004548 0.000647 0.000466 0.000198 0.000173 -0.000215 0.000099 0.000014 0.000009 -0.000078 -0.000073
0.039907 -0.031778 0.038429 0.008197 0.002013 0.013358 0.003170 0.003131 -0.001180 -0.000058 -0.000360 -0.001219 -0.001173 -0.000132 0.000647 0.002800 0.000351 0.000029 -0.000105 -0.000235 -0.000043 0.000071 0.000156 -0.000079 -0.000042
-0.025602 -0.030763 -0.022741 -0.009537 0.010164 -0.001746 0.002892 0.003509 0.002654 0.001233 0.000301 -0.000502 -0.000334 0.000165 0.000466 0.000351 0.002446 0.000561 0.000195 -0.000132 -0.000066 0.000035 -0.000133 -0.000077 0.000039
0.017388 -0.063121 -0.016946 -0.025339 -0.005469 0.003596 0.002528 0.000788 0.000821 -0.000619 -0.002181 -0.000131 0.000007 0.000079 0.000198 0.000029 0.000561 0.001655 0.000533 0.000242 -0.000040 -0.000014 0.000031 -0.000056 0.000007
0.064220 -0.008127 0.001382 -0.012353 0.000488 0.006168 0.002440 0.000296 0.000069 -0.001131 0.000449 -0.000697 0.000278 0.000224 0.000173 -0.000105 0.000195 0.000533 0.001651 0.000704 0.000166 0.000131 0.000110 0.000040 0.000065
0.020711 -0.006593 -0.009298 -0.002414 0.009053 0.000701 -0.001496 -0.001635 -0.000025 -0.000518 -0.000366 -0.000058 0.000576 0.000422 -0.000215 -0.000235 -0.000132 0.000242 0.000704 0.001298 0.000379 0.000144 0.000135 -0.000025 -0.000013
0.034489 -0.003911 0.002832 0.003621 0.002864 0.000754 -0.004119 -0.000013 0.000822 0.000600 0.000960 0.000962 0.000356 0.000342 0.000099 -0.000043 -0.000066 -0.000040 0.000166 0.000379 0.000587 0.000188 0.000133 0.000049 -0.000025
0.016813 -0.004958 0.009301 0.002362 -0.000670 -0.001983 -0.001041 0.001822 -0.000319 -0.000833 -0.000151 0.000140 0.000341 -0.000187 0.000014 0.000071 0.000035 -0.000014 0.000131 0.000144 0.000188 0.000474 0.000114 0.000046 -0.000003
0.037186 -0.009742 0.016557 0.000165 0.000629 0.001506 -0.002537 -0.000651 -0.001348 -0.000314 0.000039 -0.000122 0.000281 -0.000004 0.000009 0.000156 -0.000133 0.000031 0.000110 0.000135 0.000133 0.000114 0.000430 0.000111 -0.000022
-0.008950 0.005478 0.007910 0.002054 -0.005204 0.002327 -0.000858 -0.001112 0.000483 -0.000165 -0.000062 -0.000550 0.000019 -0.000103 -0.000078 -0.000079 -0.000077 -0.000056 0.000040 -0.000025 0.000049 0.000046 0.000111 0.000282 0.000071
-0.006125 0.015294 -0.004275 -0.002417 -0.001214 0.001037 0.001465 -0.001652 0.000322 -0.000078 -0.000005 -0.000740 0.000080 -0.000248 -0.000073 -0.000042 0.000039 0.000007 0.000065 -0.000013 -0.000025 -0.000003 -0.000022 0.000071 0.000210
