# rp  wgg  wgg_err  wgp  wgp_err  wpp  wpp_err
63.899822 0.528766 1.182081 0.743344 -1.337810 -1.410887 0.407886 0.635317 0.380607 -0.036640 0.052251 -0.054103 0.054619 0.057113 -0.061470 -0.064902 -0.032580 -0.010039 -0.045026 -0.025451 -0.034694 -0.008320 0.008768 0.006396 -0.003740
0.528766 27.115760 0.956678 1.021498 -0.669000 0.222116 0.303179 -0.291263 -0.189704 0.058182 0.061213 -0.019273 -0.078636 0.001819 -0.000418 -0.020767 0.024608 0.035777 0.037307 0.023210 0.012494 0.003416 0.006793 -0.004528 -0.004894
1.182081 0.956678 15.531771 0.240035 0.261912 0.283498 -0.120402 -0.311648 -0.195968 -0.123413 0.029726 -0.065046 -0.001112 0.047600 0.004633 -0.012469 -0.016354 0.005646 0.008439 -0.010358 -0.010249 -0.008411 0.002199 0.006375 0.011996
0.743344 1.021498 0.240035 6.945844 -0.363662 0.105066 0.232202 0.103268 -0.007983 -0.073554 -0.098763 -0.043875 0.030605 0.088622 0.008236 -0.014539 -0.001655 -0.003738 0.000307 0.003987 -0.002209 0.003724 0.003260 0.001622 -0.000298
-1.337810 -0.669000 0.261912 -0.363662 2.444537 0.150775 -0.184295 -0.054188 -0.057277 -0.006902 -0.011602 -0.014347 -0.009157 -0.030320 0.009715 0.005672 -0.001605 0.004769 0.009477 0.005956 -0.004483 -0.000049 -0.007367 -0.003360 0.001609
-1.410887 0.222116 0.283498 0.105066 0.150775 1.318366 0.054025 0.126487 0.029336 -0.024150 0.026791 -0.017659 0.000499 -0.006123 0.004316 -0.007353 0.001909 0.001111 0.002285 0.000120 0.002179 -0.000515 -0.000900 -0.003686 -0.000185
0.407886 0.303179 -0.120402 0.232202 -0.184295 0.054025 0.577713 -0.032967 -0.056237 0.020762 0.000493 -0.022676 -0.000907 0.000885 -0.002663 0.007146 0.011879 0.002024 0.002423 0.001301 0.000941 0.001966 0.000480 0.000742 -0.000800
0.635317 -0.291263 -0.311648 0.103268 -0.054188 0.126487 -0.032967 0.269818 0.016803 0.015879 0.002930 -0.001524 0.001878 0.000210 -0.000366 0.000356 0.000826 -0.001252 -0.001057 -0.000031 -0.000104 0.000562 0.000049 0.000318 -0.001950
0.380607 -0.189704 -0.195968 -0.007983 -0.057277 0.029336 -0.056237 0.016803 0.123144 0.003948 -0.004302 0.005353 -0.006766 0.001232 -0.001077 -0.000618 -0.001817 -0.000683 -0.001200 -0.001573 -0.000158 0.000479 0.000307 -0.000223 0.000002
-0.036640 0.058182 -0.123413 -0.073554 -0.006902 -0.024150 0.020762 0.015879 0.003948 0.082786 0.011805 0.002637 0.001825 -0.002725 0.003565 0.004853 0.003060 0.001453 0.001109 -0.000411 0.000348 0.000593 0.000358 0.000291 0.000015
0.052251 0.061213 0.029726 -0.098763 -0.011602 0.026791 0.000493 0.002930 -0.004302 0.011805 0.037549 0.001233 0.000623 -0.002437 0.002391 -0.000091 0.002261 0.000071 -0.000771 -0.000661 -0.000343 -0.000503 -0.000047 0.000244 0.000359
-0.054103 -0.019273 -0.065046 -0.043875 -0.014347 -0.017659 -0.022676 -0.001524 0.005353 0.002637 0.001233 0.017852 0.000470 -0.000357 0.001245 0.000639 0.000001 0.001077 0.000215 0.000321 0.000703 0.000230 0.000537 0.000070 -0.000047
0.054619 -0.078636 -0.001112 0.030605 -0.009157 0.000499 -0.000907 0.001878 -0.006766 0.001825 0.000623 0.000470 0.010588 0.001236 0.000427 -0.000943 -0.000157 -0.000502 -0.000901 -0.000172 0.000317 0.000292 0.000244 0.000118 0.000078
0.057113 0.001819 0.047600 0.088622 -0.030320 -0.006123 0.000885 0.000210 0.001232 -0.002725 -0.002437 -0.000357 0.001236 0.006963 0.000915 0.000182 -0.000315 -0.000135 0.000020 0.000081 0.000087 0.000059 0.000088 0.000152 0.000074
-0.061470 -0.000418 0.004633 0.008236 0.009715 0.004316 -0.002663 -0.000366 -0.001077 0.003565 0.002391 0.001245 0.000427 0.000915 0.004987 0.000935 0.000559 0.000502 0.000488 0.000454 -0.000067 -0.000088 0.000111 0.000078 0.000141
-0.064902 -0.020767 -0.012469 -0.014539 0.005672 -0.007353 0.007146 0.000356 -0.000618 0.004853 -0.000091 0.000639 -0.000943 0.000182 0.000935 0.002890 0.000934 0.000654 0.000486 0.000122 0.000048 -0.000101 -0.000187 -0.000039 0.000058
-0.032580 0.024608 -0.016354 -0.001655 -0.001605 0.001909 0.011879 0.000826 -0.001817 0.003060 0.002261 0.000001 -0.000157 -0.000315 0.000559 0.000934 0.001633 0.000505 0.000163 0.000029 0.000067 0.000042 -0.000113 0.000036 0.000017
-0.010039 0.035777 0.005646 -0.003738 0.004769 0.001111 0.002024 -0.001252 -0.000683 0.001453 0.000071 0.001077 -0.000502 -0.000135 0.000502 0.000654 0.000505 0.001284 0.000478 0.000151 0.000036 0.000041 0.000063 -0.000028 0.000047
-0.045026 0.037307 0.008439 0.000307 0.009477 0.002285 0.002423 -0.001057 -0.001200 0.001109 -0.000771 0.000215 -0.000901 0.000020 0.000488 0.000486 0.000163 0.000478 0.000941 0.000378 0.000119 0.000150 0.000088 -0.000063 -0.000018
-0.025451 0.023210 -0.010358 0.003987 0.005956 0.000120 0.001301 -0.000031 -0.001573 -0.000411 -0.000661 0.000321 -0.000172 0.000081 0.000454 0.000122 0.000029 0.000151 0.000378 0.000521 0.000131 0.000033 0.000039 -0.000030 -0.000032
-0.034694 0.012494 -0.010249 -0.002209 -0.004483 0.002179 0.000941 -0.000104 -0.000158 0.000348 -0.000343 0.000703 0.000317 0.000087 -0.000067 0.000048 0.000067 0.000036 0.000119 0.000131 0.000434 0.000189 0.000120 0.000008 -0.000021
-0.008320 0.003416 -0.008411 0.003724 -0.000049 -0.000515 0.001966 0.000562 0.000479 0.000593 -0.000503 0.000230 0.000292 0.000059 -0.000088 -0.000101 0.000042 0.000041 0.000150 0.000033 0.000189 0.000382 0.000163 -0.000010 0.000005
0.008768 0.006793 0.002199 0.003260 -0.007367 -0.000900 0.000480 0.000049 0.000307 0.000358 -0.000047 0.000537 0.000244 0.000088 0.000111 -0.000187 -0.000113 0.000063 0.000088 0.000039 0.000120 0.000163 0.000341 0.000050 -0.000005
0.006396 -0.004528 0.006375 0.001622 -0.003360 -0.003686 0.000742 0.000318 -0.000223 0.000291 0.000244 0.000070 0.000118 0.000152 0.000078 -0.000039 0.000036 -0.000028 -0.000063 -0.000030 0.000008 -0.000010 0.000050 0.000183 0.000035
-0.003740 -0.004894 0.011996 -0.000298 0.001609 -0.000185 -0.000800 -0.001950 0.000002 0.000015 0.000359 -0.000047 0.000078 0.000074 0.000141 0.000058 0.000017 0.000047 -0.000018 -0.000032 -0.000021 0.000005 -0.000005 0.000035 0.000152
