# rp  wgg  wgg_err  wgp  wgp_err  wpp  wpp_err
718.790182 103.323640 156.055225 104.196907 62.797278 37.349691 22.010003 25.663359 14.303319 19.427646 16.080382 17.593474 15.608760 13.154377 12.525113 10.537234 10.023883 8.402751 6.356374 5.585014 4.980582 3.791173 2.952610 1.519963 0.881399
103.323640 276.139141 50.198318 54.679209 35.820386 35.865577 29.081312 29.557792 18.487520 16.885713 16.028394 15.639957 14.588909 12.598987 11.274394 10.316203 9.906533 9.319294 7.860160 6.612448 5.121864 3.953496 3.235515 1.543749 0.996811
156.055225 50.198318 153.827061 45.748321 48.552422 36.221864 27.979142 24.132790 19.908664 16.993880 17.177196 15.861686 15.760309 13.752068 13.041826 11.868429 10.726895 9.818476 8.291143 6.589858 5.120428 3.771599 2.842281 1.631931 0.923354
104.196907 54.679209 45.748321 75.674090 18.150155 24.220525 15.128510 11.915525 10.760014 9.936340 9.803105 9.224690 8.218955 7.847234 7.112894 6.470741 6.243588 5.833495 4.606109 3.716017 2.916169 2.440924 2.153499 1.080126 0.443360
62.797278 35.820386 48.552422 18.150155 49.041744 21.283803 18.632306 18.243386 14.589369 13.692239 13.177949 12.282413 11.564412 10.456143 9.847137 8.985737 8.533308 7.656888 6.590918 5.118345 3.959349 2.974799 2.215744 1.335024 0.836633
37.349691 35.865577 36.221864 24.220525 21.283803 51.159504 28.456351 23.529886 19.786500 19.269737 18.002956 16.710223 15.481495 14.897994 13.718293 12.510941 11.846961 10.811212 9.080944 7.202380 5.503880 4.302618 3.340520 2.000838 1.061799
22.010003 29.081312 27.979142 15.128510 18.632306 28.456351 28.193533 18.606322 15.965813 15.119683 14.095905 12.954548 12.232021 11.457166 10.519499 9.653137 9.186102 8.485298 7.202171 5.776790 4.323217 3.282671 2.548089 1.496842 0.789370
25.663359 29.557792 24.132790 11.915525 18.243386 23.529886 18.606322 20.132076 14.274144 13.307096 12.534926 11.753418 10.983237 10.327845 9.501085 8.775925 8.337740 7.586729 6.384554 5.063450 3.818062 2.860424 2.178787 1.361273 0.774379
14.303319 18.487520 19.908664 10.760014 14.589369 19.786500 15.965813 14.274144 14.319851 11.973163 11.226757 10.271419 9.592764 9.058494 8.340665 7.683945 7.348066 6.703325 5.668739 4.459361 3.351635 2.552260 1.970203 1.227350 0.659676
19.427646 16.885713 16.993880 9.936340 13.692239 19.269737 15.119683 13.307096 11.973163 12.110519 10.559626 9.830163 9.096086 8.687644 8.044024 7.385969 7.098672 6.459732 5.434677 4.294243 3.225006 2.422863 1.837698 1.105474 0.593849
16.080382 16.028394 17.177196 9.803105 13.177949 18.002956 14.095905 12.534926 11.226757 10.559626 10.255451 9.196623 8.604443 8.159250 7.519461 6.933419 6.640266 6.027125 5.104299 4.040264 3.050035 2.284450 1.733297 1.048456 0.572561
17.593474 15.639957 15.861686 9.224690 12.282413 16.710223 12.954548 11.753418 10.271419 9.830163 9.196623 9.022942 8.119435 7.793283 7.180646 6.618838 6.335901 5.757898 4.850462 3.836275 2.883412 2.182530 1.651768 1.017166 0.546901
15.608760 14.588909 15.760309 8.218955 11.564412 15.481495 12.232021 10.983237 9.592764 9.096086 8.604443 8.119435 7.753930 7.276715 6.755536 6.211969 5.955967 5.409248 4.583590 3.637865 2.736969 2.064873 1.552097 0.941160 0.512724
13.154377 12.598987 13.752068 7.847234 10.456143 14.897994 11.457166 10.327845 9.058494 8.687644 8.159250 7.793283 7.276715 7.078230 6.497200 5.973696 5.722507 5.209849 4.400976 3.480461 2.626234 2.004776 1.517469 0.922596 0.507983
12.525113 11.274394 13.041826 7.112894 9.847137 13.718293 10.519499 9.501085 8.340665 8.044024 7.519461 7.180646 6.755536 6.497200 6.099985 5.580466 5.343481 4.865509 4.118931 3.260864 2.454215 1.869535 1.418731 0.868789 0.471885
10.537234 10.316203 11.868429 6.470741 8.985737 12.510941 9.653137 8.775925 7.683945 7.385969 6.933419 6.618838 6.211969 5.973696 5.580466 5.174746 4.942364 4.495946 3.806295 3.010101 2.262596 1.721426 1.304391 0.802240 0.438573
10.023883 9.906533 10.726895 6.243588 8.533308 11.846961 9.186102 8.337740 7.348066 7.098672 6.640266 6.335901 5.955967 5.722507 5.343481 4.942364 4.778743 4.340453 3.671347 2.906689 2.183341 1.660795 1.256722 0.769426 0.420925
8.402751 9.319294 9.818476 5.833495 7.656888 10.811212 8.485298 7.586729 6.703325 6.459732 6.027125 5.757898 5.409248 5.209849 4.865509 4.495946 4.340453 3.987198 3.376268 2.670523 2.002539 1.524835 1.159536 0.707586 0.386846
6.356374 7.860160 8.291143 4.606109 6.590918 9.080944 7.202171 6.384554 5.668739 5.434677 5.104299 4.850462 4.583590 4.400976 4.118931 3.806295 3.671347 3.376268 2.898502 2.295140 1.716943 1.306070 0.993861 0.606622 0.335482
5.585014 6.612448 6.589858 3.716017 5.118345 7.202380 5.776790 5.063450 4.459361 4.294243 4.040264 3.836275 3.637865 3.480461 3.260864 3.010101 2.906689 2.670523 2.295140 1.844622 1.384846 1.051913 0.799417 0.492597 0.272661
4.980582 5.121864 5.120428 2.916169 3.959349 5.503880 4.323217 3.818062 3.351635 3.225006 3.050035 2.883412 2.736969 2.626234 2.454215 2.262596 2.183341 2.002539 1.716943 1.384846 1.062977 0.811816 0.613686 0.377813 0.212248
3.791173 3.953496 3.771599 2.440924 2.974799 4.302618 3.282671 2.860424 2.552260 2.422863 2.284450 2.182530 2.064873 2.004776 1.869535 1.721426 1.660795 1.524835 1.306070 1.051913 0.811816 0.650690 0.495520 0.302977 0.170731
2.952610 3.235515 2.842281 2.153499 2.215744 3.340520 2.548089 2.178787 1.970203 1.837698 1.733297 1.651768 1.552097 1.517469 1.418731 1.304391 1.256722 1.159536 0.993861 0.799417 0.613686 0.495520 0.401618 0.246666 0.136432
1.519963 1.543749 1.631931 1.080126 1.335024 2.000838 1.496842 1.361273 1.227350 1.105474 1.048456 1.017166 0.941160 0.922596 0.868789 0.802240 0.769426 0.707586 0.606622 0.492597 0.377813 0.302977 0.246666 0.174324 0.094317
0.881399 0.996811 0.923354 0.443360 0.836633 1.061799 0.789370 0.774379 0.659676 0.593849 0.572561 0.546901 0.512724 0.507983 0.471885 0.438573 0.420925 0.386846 0.335482 0.272661 0.212248 0.170731 0.136432 0.094317 0.065702
