# rp  wgg  wgg_err  wgp  wgp_err  wpp  wpp_err
11.297202 0.383098 -0.016433 -0.069347 0.268504 0.001342 -0.177399 0.055590 0.041168 -0.008307 0.060541 -0.046262 -0.024346 -0.012571 -0.001340 -0.013240 -0.002563 -0.000645 -0.002360 0.000898 -0.003880 0.000192 -0.001526 -0.003360 -0.002482
0.383098 4.937945 0.147770 0.415223 0.220887 0.125508 0.052138 0.130739 -0.036087 -0.014409 0.025408 -0.013255 -0.003912 0.008492 -0.014952 0.006039 -0.004659 0.004777 0.002880 -0.000472 0.001599 -0.001553 0.000101 -0.001656 -0.001154
-0.016433 0.147770 1.340344 0.068110 -0.024092 -0.035803 0.005957 -0.022421 -0.001899 -0.020507 -0.012369 -0.006810 0.003951 0.001400 -0.004388 0.002526 0.000916 -0.002472 0.001062 0.002793 0.000872 -0.000462 -0.002298 -0.000669 -0.000244
-0.069347 0.415223 0.068110 0.871118 0.024774 0.018575 0.040099 -0.078540 -0.041532 0.014376 -0.001981 0.013053 0.002338 -0.001856 0.000438 -0.006212 -0.002744 0.002518 0.001381 -0.000431 0.000024 -0.000192 0.000936 -0.000144 -0.000601
0.268504 0.220887 -0.024092 0.024774 0.537151 -0.006610 0.046304 0.022034 -0.014218 0.001788 -0.000995 -0.003878 -0.003913 -0.005100 -0.001696 -0.000765 -0.000059 0.000767 -0.000695 0.000307 -0.000014 0.000553 0.000398 -0.000726 0.000067
0.001342 0.125508 -0.035803 0.018575 -0.006610 0.324721 -0.040846 0.032445 -0.008423 -0.003417 0.000436 -0.007286 0.003874 0.004824 -0.002183 -0.001289 -0.000932 -0.000137 0.000552 0.000397 0.000498 0.000421 0.001054 0.000515 0.000256
-0.177399 0.052138 0.005957 0.040099 0.046304 -0.040846 0.156283 -0.008808 0.000307 0.002654 0.004421 0.000318 0.000615 0.002111 0.001905 0.000945 -0.000492 0.000632 -0.000308 0.000231 0.000025 0.000109 0.000023 -0.000423 -0.000038
0.055590 0.130739 -0.022421 -0.078540 0.022034 0.032445 -0.008808 0.074815 0.003483 -0.000313 0.004591 -0.003239 -0.002076 0.002757 0.000111 0.000698 0.000341 -0.000203 -0.000088 -0.000108 -0.000042 -0.000077 -0.000171 -0.000179 0.000169
0.041168 -0.036087 -0.001899 -0.041532 -0.014218 -0.008423 0.000307 0.003483 0.039431 0.000605 0.001455 -0.001966 0.000646 0.001145 0.000488 0.000595 0.000095 -0.000613 -0.000201 0.000066 0.000277 0.000111 -0.000256 0.000063 0.000055
-0.008307 -0.014409 -0.020507 0.014376 0.001788 -0.003417 0.002654 -0.000313 0.000605 0.016674 -0.000370 0.000178 -0.000414 -0.000185 0.000471 -0.000172 0.000011 0.000270 -0.000004 0.000013 -0.000057 -0.000059 0.000049 -0.000031 -0.000070
0.060541 0.025408 -0.012369 -0.001981 -0.000995 0.000436 0.004421 0.004591 0.001455 -0.000370 0.008075 -0.000031 0.000440 0.000072 -0.000104 -0.000092 0.000245 0.000042 -0.000101 0.000055 -0.000067 -0.000127 -0.000075 -0.000020 0.000061
-0.046262 -0.013255 -0.006810 0.013053 -0.003878 -0.007286 0.000318 -0.003239 -0.001966 0.000178 -0.000031 0.005634 0.000044 -0.000237 0.000037 -0.000069 0.000173 -0.000104 -0.000043 -0.000150 -0.000049 -0.000097 0.000089 0.000127 -0.000002
-0.024346 -0.003912 0.003951 0.002338 -0.003913 0.003874 0.000615 -0.002076 0.000646 -0.000414 0.000440 0.000044 0.003072 0.000306 -0.000015 0.000088 0.000036 0.000077 0.000111 0.000087 0.000070 0.000063 0.000030 -0.000023 -0.000017
-0.012571 0.008492 0.001400 -0.001856 -0.005100 0.004824 0.002111 0.002757 0.001145 -0.000185 0.000072 -0.000237 0.000306 0.002162 -0.000007 0.000142 0.000106 0.000046 0.000034 0.000011 0.000011 0.000004 0.000012 -0.000002 -0.000007
-0.001340 -0.014952 -0.004388 0.000438 -0.001696 -0.002183 0.001905 0.000111 0.000488 0.000471 -0.000104 0.000037 -0.000015 -0.000007 0.000742 0.000001 0.000021 0.000057 0.000007 -0.000022 0.000011 0.000053 0.000016 -0.000027 -0.000012
-0.013240 0.006039 0.002526 -0.006212 -0.000765 -0.001289 0.000945 0.000698 0.000595 -0.000172 -0.000092 -0.000069 0.000088 0.000142 0.000001 0.000760 0.000122 0.000049 0.000047 0.000050 0.000021 0.000002 -0.000028 -0.000035 0.000007
-0.002563 -0.004659 0.000916 -0.002744 -0.000059 -0.000932 -0.000492 0.000341 0.000095 0.000011 0.000245 0.000173 0.000036 0.000106 0.000021 0.000122 0.000357 0.000092 0.000044 0.000005 0.000008 0.000007 -0.000022 -0.000001 -0.000000
-0.000645 0.004777 -0.002472 0.002518 0.000767 -0.000137 0.000632 -0.000203 -0.000613 0.000270 0.000042 -0.000104 0.000077 0.000046 0.000057 0.000049 0.000092 0.000273 0.000079 0.000023 -0.000021 0.000014 0.000004 -0.000008 -0.000010
-0.002360 0.002880 0.001062 0.001381 -0.000695 0.000552 -0.000308 -0.000088 -0.000201 -0.000004 -0.000101 -0.000043 0.000111 0.000034 0.000007 0.000047 0.000044 0.000079 0.000164 0.000024 0.000009 0.000003 0.000005 -0.000018 -0.000012
0.000898 -0.000472 0.002793 -0.000431 0.000307 0.000397 0.000231 -0.000108 0.000066 0.000013 0.000055 -0.000150 0.000087 0.000011 -0.000022 0.000050 0.000005 0.000023 0.000024 0.000166 0.000048 0.000017 -0.000020 -0.000026 0.000005
-0.003880 0.001599 0.000872 0.000024 -0.000014 0.000498 0.000025 -0.000042 0.000277 -0.000057 -0.000067 -0.000049 0.000070 0.000011 0.000011 0.000021 0.000008 -0.000021 0.000009 0.000048 0.000087 0.000036 0.000003 -0.000005 0.000001
0.000192 -0.001553 -0.000462 -0.000192 0.000553 0.000421 0.000109 -0.000077 0.000111 -0.000059 -0.000127 -0.000097 0.000063 0.000004 0.000053 0.000002 0.000007 0.000014 0.000003 0.000017 0.000036 0.000080 0.000024 0.000002 0.000002
-0.001526 0.000101 -0.002298 0.000936 0.000398 0.001054 0.000023 -0.000171 -0.000256 0.000049 -0.000075 0.000089 0.000030 0.000012 0.000016 -0.000028 -0.000022 0.000004 0.000005 -0.000020 0.000003 0.000024 0.000064 0.000029 -0.000001
-0.003360 -0.001656 -0.000669 -0.000144 -0.000726 0.000515 -0.000423 -0.000179 0.000063 -0.000031 -0.000020 0.000127 -0.000023 -0.000002 -0.000027 -0.000035 -0.000001 -0.000008 -0.000018 -0.000026 -0.000005 0.000002 0.000029 0.000069 0.000009
-0.002482 -0.001154 -0.000244 -0.000601 0.000067 0.000256 -0.000038 0.000169 0.000055 -0.000070 0.000061 -0.000002 -0.000017 -0.000007 -0.000012 0.000007 -0.000000 -0.000010 -0.000012 0.000005 0.000001 0.000002 -0.000001 0.000009 0.000024
