# rp  wgg  wgg_err  wgp  wgp_err  wpp  wpp_err
7.524766 -0.236171 -0.058968 0.022334 0.173538 0.018538 0.013908 -0.069630 0.043099 -0.017087 0.050404 -0.035291 -0.027345 -0.002712 0.001654 -0.005483 0.000667 -0.001944 0.002201 0.001111 -0.002116 0.000911 -0.002644 -0.002402 -0.001505
-0.236171 3.548669 0.224783 0.312968 0.154646 0.130095 0.004824 0.074063 -0.013653 -0.018261 0.019037 0.000224 -0.013262 0.004373 -0.009784 0.002196 -0.001230 -0.000365 0.001425 0.000018 0.000550 -0.000997 0.000245 -0.000572 0.000528
-0.058968 0.224783 1.196119 0.044416 0.004730 -0.012317 0.003233 -0.030948 -0.003246 -0.003785 -0.008592 -0.012228 0.004082 -0.001834 0.000052 0.003180 0.003195 -0.000595 0.001438 0.000495 -0.000190 -0.000259 -0.000953 0.000381 -0.000203
0.022334 0.312968 0.044416 0.818287 0.083625 0.067498 0.019920 -0.069159 -0.024723 0.014638 -0.008844 0.010062 0.005031 -0.001133 0.000378 -0.002657 -0.002686 0.001259 0.000703 -0.000103 0.000071 0.000544 0.001464 0.000423 -0.000170
0.173538 0.154646 0.004730 0.083625 0.352057 0.000704 0.013273 0.010329 -0.007932 0.001608 -0.002361 -0.004476 -0.002759 -0.005498 -0.002889 -0.001766 -0.000997 -0.000464 -0.000518 -0.000130 -0.000019 0.000371 0.000582 0.000023 0.000266
0.018538 0.130095 -0.012317 0.067498 0.000704 0.282998 -0.020976 0.016102 -0.015933 -0.002249 0.002168 -0.002811 0.003266 0.002927 -0.001487 -0.001409 -0.000632 -0.000130 0.000169 0.000582 0.000265 0.000592 0.000813 0.000541 0.000449
0.013908 0.004824 0.003233 0.019920 0.013273 -0.020976 0.125021 -0.006085 0.002923 0.003130 0.003073 0.000762 0.000476 0.001671 0.001006 0.000930 0.000447 0.000505 -0.000462 0.000090 0.000036 0.000120 -0.000061 -0.000184 -0.000133
-0.069630 0.074063 -0.030948 -0.069159 0.010329 0.016102 -0.006085 0.064146 0.006175 -0.001857 0.002759 -0.002612 -0.002394 0.002472 -0.000429 0.000533 0.000669 0.000073 -0.000248 -0.000081 -0.000296 -0.000088 -0.000267 -0.000093 0.000251
0.043099 -0.013653 -0.003246 -0.024723 -0.007932 -0.015933 0.002923 0.006175 0.030109 0.001233 0.001790 -0.000974 0.000444 0.000504 0.000222 0.000633 -0.000009 -0.000143 0.000029 0.000108 0.000131 0.000023 -0.000380 -0.000076 0.000048
-0.017087 -0.018261 -0.003785 0.014638 0.001608 -0.002249 0.003130 -0.001857 0.001233 0.012726 -0.001624 -0.000482 0.000447 0.000334 0.000318 -0.000444 0.000004 0.000155 0.000019 0.000088 -0.000026 -0.000006 0.000014 -0.000036 -0.000049
0.050404 0.019037 -0.008592 -0.008844 -0.002361 0.002168 0.003073 0.002759 0.001790 -0.001624 0.007540 0.000061 0.000039 0.000061 0.000079 -0.000068 0.000178 -0.000001 -0.000099 0.000006 -0.000064 -0.000056 -0.000082 0.000017 0.000039
-0.035291 0.000224 -0.012228 0.010062 -0.004476 -0.002811 0.000762 -0.002612 -0.000974 -0.000482 0.000061 0.004474 0.000198 -0.000421 0.000109 -0.000002 -0.000016 -0.000061 -0.000098 -0.000066 -0.000050 -0.000022 0.000130 0.000120 -0.000014
-0.027345 -0.013262 0.004082 0.005031 -0.002759 0.003266 0.000476 -0.002394 0.000444 0.000447 0.000039 0.000198 0.002707 0.000259 0.000117 0.000075 0.000048 0.000077 0.000081 0.000024 0.000039 0.000023 0.000006 -0.000022 -0.000035
-0.002712 0.004373 -0.001834 -0.001133 -0.005498 0.002927 0.001671 0.002472 0.000504 0.000334 0.000061 -0.000421 0.000259 0.001597 0.000038 0.000103 0.000061 0.000038 -0.000005 0.000002 -0.000020 -0.000016 -0.000018 -0.000020 -0.000015
0.001654 -0.009784 0.000052 0.000378 -0.002889 -0.001487 0.001006 -0.000429 0.000222 0.000318 0.000079 0.000109 0.000117 0.000038 0.000629 -0.000023 0.000029 0.000016 -0.000012 -0.000016 0.000015 0.000019 -0.000004 -0.000012 -0.000012
-0.005483 0.002196 0.003180 -0.002657 -0.001766 -0.001409 0.000930 0.000533 0.000633 -0.000444 -0.000068 -0.000002 0.000075 0.000103 -0.000023 0.000600 0.000132 0.000045 0.000030 0.000054 0.000038 0.000011 -0.000033 -0.000038 0.000009
0.000667 -0.001230 0.003195 -0.002686 -0.000997 -0.000632 0.000447 0.000669 -0.000009 0.000004 0.000178 -0.000016 0.000048 0.000061 0.000029 0.000132 0.000316 0.000100 0.000040 0.000019 0.000020 0.000005 -0.000026 -0.000010 -0.000003
-0.001944 -0.000365 -0.000595 0.001259 -0.000464 -0.000130 0.000505 0.000073 -0.000143 0.000155 -0.000001 -0.000061 0.000077 0.000038 0.000016 0.000045 0.000100 0.000197 0.000035 0.000024 0.000001 0.000008 -0.000009 -0.000002 -0.000008
0.002201 0.001425 0.001438 0.000703 -0.000518 0.000169 -0.000462 -0.000248 0.000029 0.000019 -0.000099 -0.000098 0.000081 -0.000005 -0.000012 0.000030 0.000040 0.000035 0.000126 0.000018 0.000014 -0.000005 -0.000006 -0.000022 -0.000011
0.001111 0.000018 0.000495 -0.000103 -0.000130 0.000582 0.000090 -0.000081 0.000108 0.000088 0.000006 -0.000066 0.000024 0.000002 -0.000016 0.000054 0.000019 0.000024 0.000018 0.000144 0.000051 0.000015 -0.000024 -0.000019 0.000006
-0.002116 0.000550 -0.000190 0.000071 -0.000019 0.000265 0.000036 -0.000296 0.000131 -0.000026 -0.000064 -0.000050 0.000039 -0.000020 0.000015 0.000038 0.000020 0.000001 0.000014 0.000051 0.000086 0.000025 -0.000003 -0.000005 0.000003
0.000911 -0.000997 -0.000259 0.000544 0.000371 0.000592 0.000120 -0.000088 0.000023 -0.000006 -0.000056 -0.000022 0.000023 -0.000016 0.000019 0.000011 0.000005 0.000008 -0.000005 0.000015 0.000025 0.000071 0.000027 0.000005 0.000000
-0.002644 0.000245 -0.000953 0.001464 0.000582 0.000813 -0.000061 -0.000267 -0.000380 0.000014 -0.000082 0.000130 0.000006 -0.000018 -0.000004 -0.000033 -0.000026 -0.000009 -0.000006 -0.000024 -0.000003 0.000027 0.000071 0.000034 -0.000002
-0.002402 -0.000572 0.000381 0.000423 0.000023 0.000541 -0.000184 -0.000093 -0.000076 -0.000036 0.000017 0.000120 -0.000022 -0.000020 -0.000012 -0.000038 -0.000010 -0.000002 -0.000022 -0.000019 -0.000005 0.000005 0.000034 0.000063 0.000005
-0.001505 0.000528 -0.000203 -0.000170 0.000266 0.000449 -0.000133 0.000251 0.000048 -0.000049 0.000039 -0.000014 -0.000035 -0.000015 -0.000012 0.000009 -0.000003 -0.000008 -0.000011 0.000006 0.000003 0.000000 -0.000002 0.000005 0.000023
