# rp  wgg  wgg_err  wgp  wgp_err  wpp  wpp_err
34.409911 1.969784 1.750561 -0.735859 -0.468507 0.013225 -0.364938 0.094411 -0.214990 -0.003137 0.047692 -0.052752 -0.094274 0.029738 0.033144 0.051432 0.046755 -0.001629 -0.004350 -0.000766 -0.001739 0.002442 -0.007019 0.005773 0.010036
1.969784 14.469074 -1.919466 0.723918 -0.907865 -0.097973 -0.052223 -0.096038 -0.186681 -0.155339 0.027742 -0.032390 -0.066867 -0.011284 0.000440 -0.019022 0.012257 0.004796 -0.014864 -0.001697 0.000148 -0.008082 -0.010271 -0.002452 0.002058
1.750561 -1.919466 6.214098 -0.141471 1.012396 -0.261442 -0.081851 0.056811 0.097039 -0.001761 -0.010380 -0.005342 0.016380 0.018018 -0.005649 0.011872 -0.015660 -0.016865 0.012293 -0.001932 0.001429 -0.001164 -0.002823 -0.007007 -0.000002
-0.735859 0.723918 -0.141471 3.015252 -0.086704 0.331202 0.051574 0.019663 -0.021235 -0.041303 0.010970 0.014984 -0.014242 -0.003310 -0.000978 -0.004266 -0.001179 0.005571 -0.004788 -0.001755 -0.000235 0.002254 0.008461 0.007164 0.000224
-0.468507 -0.907865 1.012396 -0.086704 1.882825 -0.085457 0.067359 0.025673 0.057234 0.064028 0.040821 -0.015218 0.001054 -0.007685 -0.018480 -0.003723 -0.009320 -0.006208 0.000924 -0.005971 -0.002413 -0.003291 -0.000854 -0.003066 -0.000545
0.013225 -0.097973 -0.261442 0.331202 -0.085457 1.134123 0.109183 0.088470 0.041917 0.037275 0.033703 -0.015780 0.001145 -0.006145 -0.001683 -0.004867 -0.001670 0.002517 -0.001749 0.000684 0.001127 0.003424 0.003271 0.002736 0.001142
-0.364938 -0.052223 -0.081851 0.051574 0.067359 0.109183 0.490357 -0.007855 0.052095 -0.023872 0.000148 -0.012642 -0.003493 0.002555 -0.001201 -0.002270 -0.005829 -0.004448 -0.000139 -0.000902 0.001443 0.001395 -0.000192 0.000303 -0.000252
0.094411 -0.096038 0.056811 0.019663 0.025673 0.088470 -0.007855 0.301360 0.011027 -0.003834 0.011676 -0.017225 0.001991 -0.002887 -0.001586 0.003232 0.001709 -0.001066 0.000402 -0.000923 -0.001057 -0.000624 0.000065 -0.001113 0.000091
-0.214990 -0.186681 0.097039 -0.021235 0.057234 0.041917 0.052095 0.011027 0.118031 -0.008043 0.007266 -0.000632 -0.000645 -0.003414 0.000286 -0.000777 -0.001693 0.000739 0.000016 -0.000711 -0.000330 -0.000137 0.000023 0.000019 0.000305
-0.003137 -0.155339 -0.001761 -0.041303 0.064028 0.037275 -0.023872 -0.003834 -0.008043 0.069111 0.001022 0.009375 0.000550 -0.000223 -0.000684 0.000445 0.002013 0.000765 0.001155 0.000908 0.001383 0.001054 0.001005 0.000660 -0.000033
0.047692 0.027742 -0.010380 0.010970 0.040821 0.033703 0.000148 0.011676 0.007266 0.001022 0.030291 0.001363 -0.000977 0.000634 -0.001420 -0.000927 -0.000917 -0.000221 -0.000869 -0.000436 -0.000669 -0.000492 -0.000470 -0.000318 0.000181
-0.052752 -0.032390 -0.005342 0.014984 -0.015218 -0.015780 -0.012642 -0.017225 -0.000632 0.009375 0.001363 0.018664 0.002386 0.000585 0.000739 0.000527 0.000641 0.000491 0.000470 0.001002 0.000253 0.000187 0.000311 0.000177 -0.000067
-0.094274 -0.066867 0.016380 -0.014242 0.001054 0.001145 -0.003493 0.001991 -0.000645 0.000550 -0.000977 0.002386 0.007610 0.001036 0.000546 0.000529 0.000027 0.000434 0.000053 0.000136 -0.000031 0.000054 0.000002 -0.000118 -0.000091
0.029738 -0.011284 0.018018 -0.003310 -0.007685 -0.006145 0.002555 -0.002887 -0.003414 -0.000223 0.000634 0.000585 0.001036 0.004909 0.000455 0.000229 0.000301 -0.000213 -0.000019 -0.000081 -0.000047 -0.000157 -0.000334 -0.000406 -0.000030
0.033144 0.000440 -0.005649 -0.000978 -0.018480 -0.001683 -0.001201 -0.001586 0.000286 -0.000684 -0.001420 0.000739 0.000546 0.000455 0.003005 0.000339 0.000126 0.000116 0.000314 0.000281 0.000027 0.000019 -0.000219 -0.000176 0.000043
0.051432 -0.019022 0.011872 -0.004266 -0.003723 -0.004867 -0.002270 0.003232 -0.000777 0.000445 -0.000927 0.000527 0.000529 0.000229 0.000339 0.002576 0.000644 -0.000046 0.000316 0.000221 0.000158 0.000084 -0.000133 -0.000084 0.000005
0.046755 0.012257 -0.015660 -0.001179 -0.009320 -0.001670 -0.005829 0.001709 -0.001693 0.002013 -0.000917 0.000641 0.000027 0.000301 0.000126 0.000644 0.001689 0.000475 0.000060 0.000091 -0.000027 0.000088 -0.000116 -0.000002 -0.000005
-0.001629 0.004796 -0.016865 0.005571 -0.006208 0.002517 -0.004448 -0.001066 0.000739 0.000765 -0.000221 0.000491 0.000434 -0.000213 0.000116 -0.000046 0.000475 0.000865 0.000086 0.000109 0.000024 0.000020 -0.000118 0.000027 0.000023
-0.004350 -0.014864 0.012293 -0.004788 0.000924 -0.001749 -0.000139 0.000402 0.000016 0.001155 -0.000869 0.000470 0.000053 -0.000019 0.000314 0.000316 0.000060 0.000086 0.000501 0.000119 0.000087 0.000021 -0.000056 -0.000073 0.000036
-0.000766 -0.001697 -0.001932 -0.001755 -0.005971 0.000684 -0.000902 -0.000923 -0.000711 0.000908 -0.000436 0.001002 0.000136 -0.000081 0.000281 0.000221 0.000091 0.000109 0.000119 0.000460 0.000212 0.000093 0.000010 0.000067 0.000035
-0.001739 0.000148 0.001429 -0.000235 -0.002413 0.001127 0.001443 -0.001057 -0.000330 0.001383 -0.000669 0.000253 -0.000031 -0.000047 0.000027 0.000158 -0.000027 0.000024 0.000087 0.000212 0.000473 0.000249 0.000163 0.000135 0.000048
0.002442 -0.008082 -0.001164 0.002254 -0.003291 0.003424 0.001395 -0.000624 -0.000137 0.001054 -0.000492 0.000187 0.000054 -0.000157 0.000019 0.000084 0.000088 0.000020 0.000021 0.000093 0.000249 0.000412 0.000298 0.000244 0.000056
-0.007019 -0.010271 -0.002823 0.008461 -0.000854 0.003271 -0.000192 0.000065 0.000023 0.001005 -0.000470 0.000311 0.000002 -0.000334 -0.000219 -0.000133 -0.000116 -0.000118 -0.000056 0.000010 0.000163 0.000298 0.000566 0.000384 0.000057
0.005773 -0.002452 -0.007007 0.007164 -0.003066 0.002736 0.000303 -0.001113 0.000019 0.000660 -0.000318 0.000177 -0.000118 -0.000406 -0.000176 -0.000084 -0.000002 0.000027 -0.000073 0.000067 0.000135 0.000244 0.000384 0.000462 0.000077
0.010036 0.002058 -0.000002 0.000224 -0.000545 0.001142 -0.000252 0.000091 0.000305 -0.000033 0.000181 -0.000067 -0.000091 -0.000030 0.000043 0.000005 -0.000005 0.000023 0.000036 0.000035 0.000048 0.000056 0.000057 0.000077 0.000113
