# rp  wgg  wgg_err  wgp  wgp_err  wpp  wpp_err
2140.658876 255.173617 219.132343 103.031329 95.089873 152.506355 44.663785 43.198931 13.665627 24.538969 18.375591 18.784828 15.286557 14.806111 14.795651 12.836238 10.487645 9.016884 6.612349 6.435313 6.480139 5.600851 5.363402 3.434566 2.297141
255.173617 977.815515 182.061888 145.700611 113.055721 123.891879 57.941033 74.256517 44.265115 40.528634 41.381365 37.411000 35.576209 28.776032 26.122030 25.069963 23.235088 22.126260 18.426455 16.711503 13.236008 10.115524 7.662902 4.788141 2.843109
219.132343 182.061888 368.008761 73.260721 59.596603 51.838695 51.526496 30.267279 22.597299 19.436860 18.255539 18.694991 15.586955 12.004462 13.183855 11.653204 10.445946 9.957776 8.601000 7.559182 5.514248 4.375162 3.490871 2.231218 1.396812
103.031329 145.700611 73.260721 241.463297 41.932787 39.549688 20.907158 26.340429 14.746678 13.748285 15.766650 14.470788 12.336491 10.648731 9.682045 8.017401 8.571237 8.111636 6.058420 5.297711 3.605487 2.709678 2.555876 0.906966 0.373887
95.089873 113.055721 59.596603 41.932787 109.135376 26.183881 26.175074 24.311496 17.017374 17.109490 14.076493 14.809402 15.120121 13.159350 11.562430 10.624121 10.672611 9.104241 7.700150 6.202974 4.878483 3.668259 2.718585 1.475500 1.007355
152.506355 123.891879 51.838695 39.549688 26.183881 108.844496 37.915711 31.466120 29.333655 23.463550 20.682562 20.066574 18.058750 16.472359 14.999627 13.358007 13.214744 12.248668 10.465861 8.778984 6.954603 6.096529 5.071215 2.951517 1.907240
44.663785 57.941033 51.526496 20.907158 26.175074 37.915711 53.093962 22.108982 21.583699 18.934348 16.125372 15.726798 14.556754 13.749010 12.583294 11.452516 10.790792 9.550502 8.509589 7.172426 5.448451 4.386608 3.446509 2.110061 1.298542
43.198931 74.256517 30.267279 26.340429 24.311496 31.466120 22.108982 29.682493 19.331238 16.415647 14.161138 13.135544 12.108064 11.584925 10.704083 9.674696 9.452400 8.587776 7.393353 6.059696 4.705668 3.729087 2.958427 1.810841 1.182046
13.665627 44.265115 22.597299 14.746678 17.017374 29.333655 21.583699 19.331238 21.535474 13.978263 12.690821 12.222696 11.433168 10.314171 9.480772 8.483243 8.166643 7.545700 6.446953 5.199251 3.970268 3.198003 2.597202 1.599605 0.947000
24.538969 40.528634 19.436860 13.748285 17.109490 23.463550 18.934348 16.415647 13.978263 15.707475 11.440815 11.049808 9.799100 9.540156 8.756017 7.978537 7.721026 7.053302 6.000243 4.796492 3.694069 2.981598 2.372948 1.404580 0.928900
18.375591 41.381365 18.255539 15.766650 14.076493 20.682562 16.125372 14.161138 12.690821 11.440815 11.398752 9.600457 8.946147 8.342976 7.641503 7.002683 6.700777 6.191709 5.294511 4.300935 3.338732 2.638431 2.138825 1.278661 0.771953
18.784828 37.411000 18.694991 14.470788 14.809402 20.066574 15.726798 13.135544 12.222696 11.049808 9.600457 10.103033 8.803204 8.279573 7.564689 6.879549 6.621350 6.046461 5.128226 4.158220 3.176405 2.572416 2.079217 1.263129 0.768999
15.286557 35.576209 15.586955 12.336491 15.120121 18.058750 14.556754 12.108064 11.433168 9.799100 8.946147 8.803204 8.765223 7.829778 7.162435 6.508463 6.302443 5.733006 4.899567 3.938445 3.016449 2.420947 1.912821 1.156976 0.731454
14.806111 28.776032 12.004462 10.648731 13.159350 16.472359 13.749010 11.584925 10.314171 9.540156 8.342976 8.279573 7.829778 7.736119 6.923409 6.314313 6.085279 5.535351 4.730870 3.796936 2.939510 2.384689 1.880226 1.143073 0.735460
14.795651 26.122030 13.183855 9.682045 11.562430 14.999627 12.583294 10.704083 9.480772 8.756017 7.641503 7.564689 7.162435 6.923409 6.563798 5.865361 5.653768 5.108091 4.374907 3.533583 2.721921 2.191602 1.738484 1.066663 0.677725
12.836238 25.069963 11.653204 8.017401 10.624121 13.358007 11.452516 9.674696 8.483243 7.978537 7.002683 6.879549 6.508463 6.314313 5.865361 5.465653 5.198966 4.693187 4.031535 3.236378 2.508481 2.021538 1.597033 0.983704 0.625514
10.487645 23.235088 10.445946 8.571237 10.672611 13.214744 10.790792 9.452400 8.166643 7.721026 6.700777 6.621350 6.302443 6.085279 5.653768 5.198966 5.089991 4.576678 3.927170 3.153940 2.441240 1.966696 1.554647 0.950268 0.618914
9.016884 22.126260 9.957776 8.111636 9.104241 12.248668 9.550502 8.587776 7.545700 7.053302 6.191709 6.046461 5.733006 5.535351 5.108091 4.693187 4.576678 4.234855 3.617587 2.892221 2.236533 1.804990 1.445211 0.879445 0.569333
6.612349 18.426455 8.601000 6.058420 7.700150 10.465861 8.509589 7.393353 6.446953 6.000243 5.294511 5.128226 4.899567 4.730870 4.374907 4.031535 3.927170 3.617587 3.177735 2.535383 1.949423 1.570743 1.259265 0.770124 0.500149
6.435313 16.711503 7.559182 5.297711 6.202974 8.778984 7.172426 6.059696 5.199251 4.796492 4.300935 4.158220 3.938445 3.796936 3.533583 3.236378 3.153940 2.892221 2.535383 2.086575 1.606653 1.290712 1.030471 0.633924 0.408062
6.480139 13.236008 5.514248 3.605487 4.878483 6.954603 5.448451 4.705668 3.970268 3.694069 3.338732 3.176405 3.016449 2.939510 2.721921 2.508481 2.441240 2.236533 1.949423 1.606653 1.278041 1.029508 0.818152 0.504826 0.330600
5.600851 10.115524 4.375162 2.709678 3.668259 6.096529 4.386608 3.729087 3.198003 2.981598 2.638431 2.572416 2.420947 2.384689 2.191602 2.021538 1.966696 1.804990 1.570743 1.290712 1.029508 0.882208 0.705301 0.434448 0.286814
5.363402 7.662902 3.490871 2.555876 2.718585 5.071215 3.446509 2.958427 2.597202 2.372948 2.138825 2.079217 1.912821 1.880226 1.738484 1.597033 1.554647 1.445211 1.259265 1.030471 0.818152 0.705301 0.601815 0.367930 0.239867
3.434566 4.788141 2.231218 0.906966 1.475500 2.951517 2.110061 1.810841 1.599605 1.404580 1.278661 1.263129 1.156976 1.143073 1.066663 0.983704 0.950268 0.879445 0.770124 0.633924 0.504826 0.434448 0.367930 0.258002 0.164229
2.297141 2.843109 1.396812 0.373887 1.007355 1.907240 1.298542 1.182046 0.947000 0.928900 0.771953 0.768999 0.731454 0.735460 0.677725 0.625514 0.618914 0.569333 0.500149 0.408062 0.330600 0.286814 0.239867 0.164229 0.129523
