# rp  wgg  wgg_err  wgp  wgp_err  wpp  wpp_err
1825.377480 123.426816 175.885701 105.924307 122.531465 26.531660 7.305489 54.117058 -1.877339 23.299308 18.118601 13.732828 15.522848 9.086807 1.417117 3.824727 3.909040 3.411137 1.675400 2.594970 2.169608 0.408545 0.401197 1.148716 0.472167
123.426816 601.557418 67.231644 68.721102 26.702637 32.528926 38.579345 21.681876 30.423486 23.232297 24.375446 16.452571 16.562438 14.618389 13.074174 11.938790 10.203686 8.936314 7.888848 5.768496 4.814430 3.939329 3.154693 0.838011 0.974132
175.885701 67.231644 315.792661 49.157727 17.460383 35.010606 34.358582 32.541363 15.367676 15.567407 20.562777 19.821752 18.244447 14.976759 13.592373 13.222178 11.765565 10.371377 8.232426 6.404693 5.490890 3.628679 2.812668 2.267541 1.239452
105.924307 68.721102 49.157727 161.129806 21.309500 25.909824 21.997438 15.317712 14.731345 10.871946 10.865465 11.109759 9.694095 8.379904 7.291821 7.061263 6.688324 6.028364 4.763861 4.046478 3.623148 3.052398 2.890167 1.841910 1.045556
122.531465 26.702637 17.460383 21.309500 96.001289 27.676631 13.501526 16.584987 15.229408 12.843997 12.340061 11.059187 11.546759 10.074286 8.422913 8.455751 8.155422 7.640432 6.359911 4.743103 3.926252 3.147716 2.263195 1.484159 1.001564
26.531660 32.528926 35.010606 25.909824 27.676631 77.644088 29.055025 20.435366 16.845905 14.940010 15.594467 13.443593 13.513416 12.662391 11.224607 10.828286 10.543229 9.431778 7.554026 6.084485 4.704028 3.731359 2.895473 1.932821 1.152049
7.305489 38.579345 34.358582 21.997438 13.501526 29.055025 42.498332 17.857988 14.867221 13.066456 12.917500 11.945667 11.681225 10.770134 10.031985 9.315165 8.663981 7.882850 6.582334 5.220982 3.952021 3.157223 2.680684 1.703973 0.913673
54.117058 21.681876 32.541363 15.317712 16.584987 20.435366 17.857988 24.029290 10.384851 11.810815 11.110287 10.749955 10.237428 9.394549 8.514972 8.034769 7.594301 6.849174 5.749812 4.614690 3.575235 2.807134 2.205963 1.457500 0.865576
-1.877339 30.423486 15.367676 14.731345 15.229408 16.845905 14.867221 10.384851 16.747617 10.975774 9.670999 8.683897 8.553426 7.734562 7.356206 7.035745 6.485081 6.040290 5.142245 3.982822 3.097985 2.479495 1.968227 1.203589 0.710391
23.299308 23.232297 15.567407 10.871946 12.843997 14.940010 13.066456 11.810815 10.975774 11.870952 9.388307 8.350219 7.941509 7.274513 6.835784 6.396895 5.985742 5.519282 4.627692 3.604315 2.779814 2.169121 1.667906 1.034208 0.558412
18.118601 24.375446 20.562777 10.865465 12.340061 15.594467 12.917500 11.110287 9.670999 9.388307 10.149399 8.396765 7.887555 7.220976 6.742455 6.251188 5.864668 5.322324 4.464593 3.499333 2.775918 2.156467 1.677321 1.076046 0.623054
13.732828 16.452571 19.821752 11.109759 11.059187 13.443593 11.945667 10.749955 8.683897 8.350219 8.396765 8.850152 7.530964 7.072641 6.557682 6.057194 5.793602 5.279645 4.430480 3.498864 2.737300 2.098100 1.620482 1.070223 0.611138
15.522848 16.562438 18.244447 9.694095 11.546759 13.513416 11.681225 10.237428 8.553426 7.941509 7.887555 7.530964 7.533417 6.642869 6.217141 5.752052 5.457434 4.938599 4.150767 3.314032 2.606333 2.014057 1.556143 1.012152 0.583185
9.086807 14.618389 14.976759 8.379904 10.074286 12.662391 10.770134 9.394549 7.734562 7.274513 7.220976 7.072641 6.642869 6.479293 5.931311 5.468461 5.190218 4.731886 3.970645 3.141214 2.456974 1.944800 1.531144 0.979735 0.563066
1.417117 13.074174 13.592373 7.291821 8.422913 11.224607 10.031985 8.514972 7.356206 6.835784 6.742455 6.557682 6.217141 5.931311 5.709013 5.183450 4.886212 4.483600 3.792602 2.989521 2.341019 1.860347 1.470603 0.952446 0.543232
3.824727 11.938790 13.222178 7.061263 8.455751 10.828286 9.315165 8.034769 7.035745 6.396895 6.251188 6.057194 5.752052 5.468461 5.183450 4.890715 4.580393 4.190874 3.541053 2.794722 2.174464 1.713815 1.357560 0.885111 0.514500
3.909040 10.203686 11.765565 6.688324 8.155422 10.543229 8.663981 7.594301 6.485081 5.985742 5.864668 5.793602 5.457434 5.190218 4.886212 4.580393 4.431647 4.019618 3.390110 2.684100 2.085161 1.645422 1.291368 0.840464 0.483530
3.411137 8.936314 10.371377 6.028364 7.640432 9.431778 7.882850 6.849174 6.040290 5.519282 5.322324 5.279645 4.938599 4.731886 4.483600 4.190874 4.019618 3.738286 3.148278 2.486686 1.931140 1.527433 1.198633 0.786840 0.450499
1.675400 7.888848 8.232426 4.763861 6.359911 7.554026 6.582334 5.749812 5.142245 4.627692 4.464593 4.430480 4.150767 3.970645 3.792602 3.541053 3.390110 3.148278 2.723607 2.145007 1.666266 1.308672 1.034339 0.674659 0.395949
2.594970 5.768496 6.404693 4.046478 4.743103 6.084485 5.220982 4.614690 3.982822 3.604315 3.499333 3.498864 3.314032 3.141214 2.989521 2.794722 2.684100 2.486686 2.145007 1.732872 1.352826 1.055528 0.827905 0.543378 0.320949
2.169608 4.814430 5.490890 3.623148 3.926252 4.704028 3.952021 3.575235 3.097985 2.779814 2.775918 2.737300 2.606333 2.456974 2.341019 2.174464 2.085161 1.931140 1.666266 1.352826 1.094142 0.854436 0.665125 0.435089 0.259014
0.408545 3.939329 3.628679 3.052398 3.147716 3.731359 3.157223 2.807134 2.479495 2.169121 2.156467 2.098100 2.014057 1.944800 1.860347 1.713815 1.645422 1.527433 1.308672 1.055528 0.854436 0.714619 0.563138 0.357230 0.211870
0.401197 3.154693 2.812668 2.890167 2.263195 2.895473 2.680684 2.205963 1.968227 1.667906 1.677321 1.620482 1.556143 1.531144 1.470603 1.357560 1.291368 1.198633 1.034339 0.827905 0.665125 0.563138 0.476500 0.303265 0.177929
1.148716 0.838011 2.267541 1.841910 1.484159 1.932821 1.703973 1.457500 1.203589 1.034208 1.076046 1.070223 1.012152 0.979735 0.952446 0.885111 0.840464 0.786840 0.674659 0.543378 0.435089 0.357230 0.303265 0.222679 0.125104
0.472167 0.974132 1.239452 1.045556 1.001564 1.152049 0.913673 0.865576 0.710391 0.558412 0.623054 0.611138 0.583185 0.563066 0.543232 0.514500 0.483530 0.450499 0.395949 0.320949 0.259014 0.211870 0.177929 0.125104 0.091586
