# rp  wgg  wgg_err  wgp  wgp_err  wpp  wpp_err
28.470710 3.535063 -0.429562 -0.033896 -0.142379 0.077443 -0.482771 -0.166184 0.251520 -0.167715 0.033180 0.031638 0.025399 -0.003067 0.000410 0.013602 0.024878 0.022551 0.024396 0.009853 -0.011418 0.010219 0.002049 -0.006844 0.004947
3.535063 12.545769 -1.520565 -0.333121 0.089534 -0.315337 0.404495 0.235169 0.037477 -0.013936 0.015561 0.012652 -0.018379 0.041027 -0.012268 -0.000683 0.000510 0.015592 0.003143 0.009703 0.007140 0.007727 -0.010134 -0.005885 -0.001531
-0.429562 -1.520565 4.697010 -0.120243 -0.084578 0.355941 -0.005234 -0.027480 0.038825 0.082688 0.078159 -0.022240 0.026789 -0.001605 0.005789 -0.018406 -0.000928 0.001740 -0.001192 -0.000574 -0.000555 0.000191 -0.000818 0.004310 0.001701
-0.033896 -0.333121 -0.120243 2.781719 -0.303129 0.113095 0.014014 0.023182 0.014525 0.012045 -0.045038 0.002392 0.042630 0.019861 0.008618 0.017483 0.002019 -0.005851 -0.005789 -0.001930 0.003959 -0.004057 0.000023 0.001449 -0.002181
-0.142379 0.089534 -0.084578 -0.303129 2.456046 -0.063397 0.081416 0.097983 -0.034678 -0.043959 0.029732 0.010768 -0.017758 -0.030694 -0.004293 -0.002367 -0.002500 0.005373 0.000349 -0.001964 -0.005756 -0.002129 0.000045 -0.001348 -0.001763
0.077443 -0.315337 0.355941 0.113095 -0.063397 1.135380 -0.012794 0.043635 0.027976 -0.023084 0.024838 0.012472 0.005081 -0.001572 -0.009521 -0.001121 -0.003008 -0.000507 0.002474 -0.000094 0.001752 0.001385 0.000317 0.001125 0.002197
-0.482771 0.404495 -0.005234 0.014014 0.081416 -0.012794 0.555784 0.066896 0.036222 0.037864 -0.004657 0.002549 -0.004848 -0.001972 0.002997 0.003803 0.004185 0.001164 0.002015 0.001703 -0.000776 -0.000821 0.000600 -0.001173 -0.000543
-0.166184 0.235169 -0.027480 0.023182 0.097983 0.043635 0.066896 0.282624 0.010346 0.000562 -0.002052 -0.006319 -0.005483 -0.004415 0.000908 -0.001085 0.000281 -0.001788 -0.001118 -0.000042 0.000290 -0.000199 -0.000200 0.000867 0.000555
0.251520 0.037477 0.038825 0.014525 -0.034678 0.027976 0.036222 0.010346 0.169049 0.016059 0.010101 0.005373 0.000708 0.006313 -0.000949 0.001023 0.001507 0.000981 -0.000605 0.000504 0.000502 0.000465 0.000207 0.000435 0.000692
-0.167715 -0.013936 0.082688 0.012045 -0.043959 -0.023084 0.037864 0.000562 0.016059 0.056198 0.007515 0.000710 0.004665 0.003500 0.000927 0.000443 0.000841 0.000547 0.000937 0.000468 0.000414 0.000700 0.000283 0.000061 -0.000196
0.033180 0.015561 0.078159 -0.045038 0.029732 0.024838 -0.004657 -0.002052 0.010101 0.007515 0.037772 0.001575 -0.001422 0.000178 -0.000631 -0.001246 0.000529 0.000248 0.000259 0.000318 -0.000172 0.000370 0.000363 0.000153 -0.000013
0.031638 0.012652 -0.022240 0.002392 0.010768 0.012472 0.002549 -0.006319 0.005373 0.000710 0.001575 0.018728 -0.001253 0.000039 -0.000261 -0.000013 0.000773 0.000628 -0.000156 0.000018 0.000117 0.000423 0.000440 0.000299 0.000008
0.025399 -0.018379 0.026789 0.042630 -0.017758 0.005081 -0.004848 -0.005483 0.000708 0.004665 -0.001422 -0.001253 0.012658 0.001998 -0.000247 -0.000047 0.000065 0.000321 0.000186 -0.000431 -0.000022 0.000049 -0.000083 -0.000134 -0.000218
-0.003067 0.041027 -0.001605 0.019861 -0.030694 -0.001572 -0.001972 -0.004415 0.006313 0.003500 0.000178 0.000039 0.001998 0.007909 0.001264 0.000186 0.000280 0.000315 0.000048 0.000115 0.000066 -0.000030 -0.000286 0.000141 0.000007
0.000410 -0.012268 0.005789 0.008618 -0.004293 -0.009521 0.002997 0.000908 -0.000949 0.000927 -0.000631 -0.000261 -0.000247 0.001264 0.003464 0.000079 0.000223 0.000208 0.000011 -0.000169 0.000031 0.000007 0.000013 0.000059 -0.000089
0.013602 -0.000683 -0.018406 0.017483 -0.002367 -0.001121 0.003803 -0.001085 0.001023 0.000443 -0.001246 -0.000013 -0.000047 0.000186 0.000079 0.002302 0.000502 -0.000004 0.000239 0.000004 -0.000027 0.000000 -0.000064 -0.000052 -0.000092
0.024878 0.000510 -0.000928 0.002019 -0.002500 -0.003008 0.004185 0.000281 0.001507 0.000841 0.000529 0.000773 0.000065 0.000280 0.000223 0.000502 0.001328 0.000356 0.000076 0.000136 -0.000050 0.000126 0.000070 0.000028 0.000060
0.022551 0.015592 0.001740 -0.005851 0.005373 -0.000507 0.001164 -0.001788 0.000981 0.000547 0.000248 0.000628 0.000321 0.000315 0.000208 -0.000004 0.000356 0.001222 0.000255 0.000099 0.000037 0.000058 -0.000055 -0.000061 0.000061
0.024396 0.003143 -0.001192 -0.005789 0.000349 0.002474 0.002015 -0.001118 -0.000605 0.000937 0.000259 -0.000156 0.000186 0.000048 0.000011 0.000239 0.000076 0.000255 0.000684 0.000195 0.000099 0.000103 0.000018 -0.000037 -0.000012
0.009853 0.009703 -0.000574 -0.001930 -0.001964 -0.000094 0.001703 -0.000042 0.000504 0.000468 0.000318 0.000018 -0.000431 0.000115 -0.000169 0.000004 0.000136 0.000099 0.000195 0.000581 0.000123 0.000091 -0.000030 -0.000002 0.000051
-0.011418 0.007140 -0.000555 0.003959 -0.005756 0.001752 -0.000776 0.000290 0.000502 0.000414 -0.000172 0.000117 -0.000022 0.000066 0.000031 -0.000027 -0.000050 0.000037 0.000099 0.000123 0.000284 0.000109 0.000014 0.000042 -0.000006
0.010219 0.007727 0.000191 -0.004057 -0.002129 0.001385 -0.000821 -0.000199 0.000465 0.000700 0.000370 0.000423 0.000049 -0.000030 0.000007 0.000000 0.000126 0.000058 0.000103 0.000091 0.000109 0.000316 0.000106 -0.000004 0.000024
0.002049 -0.010134 -0.000818 0.000023 0.000045 0.000317 0.000600 -0.000200 0.000207 0.000283 0.000363 0.000440 -0.000083 -0.000286 0.000013 -0.000064 0.000070 -0.000055 0.000018 -0.000030 0.000014 0.000106 0.000246 0.000046 0.000001
-0.006844 -0.005885 0.004310 0.001449 -0.001348 0.001125 -0.001173 0.000867 0.000435 0.000061 0.000153 0.000299 -0.000134 0.000141 0.000059 -0.000052 0.000028 -0.000061 -0.000037 -0.000002 0.000042 -0.000004 0.000046 0.000166 0.000013
0.004947 -0.001531 0.001701 -0.002181 -0.001763 0.002197 -0.000543 0.000555 0.000692 -0.000196 -0.000013 0.000008 -0.000218 0.000007 -0.000089 -0.000092 0.000060 0.000061 -0.000012 0.000051 -0.000006 0.000024 0.000001 0.000013 0.000139
