# rp  wgg  wgg_err  wgp  wgp_err  wpp  wpp_err
1555.952426 32.259811 128.345715 12.367563 51.423605 14.606660 -4.019567 32.883020 20.796027 29.050531 20.620917 24.807873 22.607627 18.651126 17.693357 13.514317 12.548216 11.020324 7.970477 6.919737 5.821640 4.107906 2.575408 1.333659 1.118312
32.259811 553.583798 109.925889 63.484011 29.405169 51.451319 41.033258 36.075643 19.196085 20.416818 14.240418 19.674517 16.669440 14.026884 11.791497 9.719324 10.516125 9.051676 7.744577 6.153110 4.439779 3.538927 2.592119 1.169345 0.516413
128.345715 109.925889 300.252803 41.644341 36.725031 49.228915 21.636623 15.993203 20.604538 13.009439 11.390777 12.489743 10.635005 10.190272 9.463606 8.332654 7.774450 7.001043 5.741716 4.400369 4.060569 2.870277 1.994428 0.666702 0.450548
12.367563 63.484011 41.644341 137.301134 15.703125 29.672672 8.761772 12.222238 14.555835 7.323379 6.660174 8.643253 6.212465 6.358036 5.669132 5.680211 5.746975 5.206000 3.877527 2.801199 2.108430 2.345906 1.887413 0.606632 0.089738
51.423605 29.405169 36.725031 15.703125 107.928326 22.844307 17.336118 15.833979 10.259455 9.100091 10.082499 8.785378 7.715662 7.950576 7.613146 6.707789 5.914308 4.904464 4.536483 3.273791 2.525056 1.851089 1.544600 1.052338 0.581264
14.606660 51.451319 49.228915 29.672672 22.844307 84.361556 28.842085 29.450684 21.995964 23.507682 17.140578 17.956608 15.470971 15.208564 13.922057 12.924709 12.658033 11.132044 9.029315 6.904466 5.258991 3.891226 3.042296 1.790724 0.647878
-4.019567 41.033258 21.636623 8.761772 17.336118 28.842085 42.785061 18.243533 17.085514 14.937959 11.905882 10.689020 10.812081 9.694659 8.653480 7.658308 7.514028 7.032952 5.782490 4.553592 3.392163 2.394801 1.899213 1.073404 0.479508
32.883020 36.075643 15.993203 12.222238 15.833979 29.450684 18.243533 33.163167 17.776638 15.162511 13.384035 13.124743 11.251307 11.426576 10.156695 9.101173 8.886291 7.900317 6.343364 4.925020 3.600691 2.623026 2.075540 1.366094 0.693824
20.796027 19.196085 20.604538 14.555835 10.259455 21.995964 17.085514 17.776638 21.555768 13.860249 12.479241 11.570272 10.384038 10.206768 9.208545 8.357012 8.109924 7.314989 5.930382 4.603143 3.433328 2.555873 1.985598 1.332063 0.658975
29.050531 20.416818 13.009439 7.323379 9.100091 23.507682 14.937959 15.162511 13.860249 14.613851 10.911030 10.256868 9.368925 9.104296 8.181479 7.394785 7.283341 6.496466 5.329149 4.115413 2.992993 2.136758 1.613560 0.993229 0.463821
20.620917 14.240418 11.390777 6.660174 10.082499 17.140578 11.905882 13.384035 12.479241 10.911030 11.416433 9.413733 8.409171 8.352121 7.522838 6.829758 6.561652 5.939444 4.967516 3.856898 2.826946 2.069765 1.567241 0.960337 0.495074
24.807873 19.674517 12.489743 8.643253 8.785378 17.956608 10.689020 13.124743 11.570272 10.256868 9.413733 9.780244 8.093379 8.012929 7.144518 6.460025 6.281331 5.646820 4.619904 3.575410 2.607047 1.923241 1.436337 0.900737 0.436874
22.607627 16.669440 10.635005 6.212465 7.715662 15.470971 10.812081 11.251307 10.384038 9.368925 8.409171 8.093379 7.677651 7.235257 6.490624 5.883829 5.683665 5.118847 4.253187 3.349904 2.450412 1.796671 1.346510 0.825127 0.411797
18.651126 14.026884 10.190272 6.358036 7.950576 15.208564 9.694659 11.426576 10.206768 9.104296 8.352121 8.012929 7.235257 7.482895 6.488810 5.866610 5.641262 5.082014 4.190231 3.270474 2.407734 1.790344 1.349538 0.841594 0.431273
17.693357 11.791497 9.463606 5.669132 7.613146 13.922057 8.653480 10.156695 9.208545 8.181479 7.522838 7.144518 6.490624 6.488810 5.968889 5.352490 5.142512 4.643817 3.833899 2.986303 2.191522 1.622243 1.236205 0.765133 0.391153
13.514317 9.719324 8.332654 5.680211 6.707789 12.924709 7.658308 9.101173 8.357012 7.394785 6.829758 6.460025 5.883829 5.866610 5.352490 4.962279 4.735894 4.260829 3.501792 2.732239 2.012817 1.488046 1.131830 0.702864 0.353199
12.548216 10.516125 7.774450 5.746975 5.914308 12.658033 7.514028 8.886291 8.109924 7.283341 6.561652 6.281331 5.683665 5.641262 5.142512 4.735894 4.660157 4.154125 3.419270 2.670496 1.958630 1.438285 1.095942 0.679243 0.334944
11.020324 9.051676 7.001043 5.206000 4.904464 11.132044 7.032952 7.900317 7.314989 6.496466 5.939444 5.646820 5.118847 5.082014 4.643817 4.260829 4.154125 3.803686 3.122327 2.435332 1.788889 1.318879 1.002000 0.613515 0.306858
7.970477 7.744577 5.741716 3.877527 4.536483 9.029315 5.782490 6.343364 5.930382 5.329149 4.967516 4.619904 4.253187 4.190231 3.833899 3.501792 3.419270 3.122327 2.638209 2.057675 1.502822 1.104131 0.839043 0.516660 0.259043
6.919737 6.153110 4.400369 2.801199 3.273791 6.904466 4.553592 4.925020 4.603143 4.115413 3.856898 3.575410 3.349904 3.270474 2.986303 2.732239 2.670496 2.435332 2.057675 1.642992 1.201943 0.879297 0.671091 0.417917 0.213309
5.821640 4.439779 4.060569 2.108430 2.525056 5.258991 3.392163 3.600691 3.433328 2.992993 2.826946 2.607047 2.450412 2.407734 2.191522 2.012817 1.958630 1.788889 1.502822 1.201943 0.909776 0.667831 0.500848 0.312555 0.165129
4.107906 3.538927 2.870277 2.345906 1.851089 3.891226 2.394801 2.623026 2.555873 2.136758 2.069765 1.923241 1.796671 1.790344 1.622243 1.488046 1.438285 1.318879 1.104131 0.879297 0.667831 0.528620 0.398502 0.247479 0.129918
2.575408 2.592119 1.994428 1.887413 1.544600 3.042296 1.899213 2.075540 1.985598 1.613560 1.567241 1.436337 1.346510 1.349538 1.236205 1.131830 1.095942 1.002000 0.839043 0.671091 0.500848 0.398502 0.334781 0.208952 0.106301
1.333659 1.169345 0.666702 0.606632 1.052338 1.790724 1.073404 1.366094 1.332063 0.993229 0.960337 0.900737 0.825127 0.841594 0.765133 0.702864 0.679243 0.613515 0.516660 0.417917 0.312555 0.247479 0.208952 0.158076 0.080175
1.118312 0.516413 0.450548 0.089738 0.581264 0.647878 0.479508 0.693824 0.658975 0.463821 0.495074 0.436874 0.411797 0.431273 0.391153 0.353199 0.334944 0.306858 0.259043 0.213309 0.165129 0.129918 0.106301 0.080175 0.058933
