# rp  wgg  wgg_err  wgp  wgp_err  wpp  wpp_err
26.559828 -0.651057 -2.628157 -0.991116 -1.275408 0.271122 -0.776805 0.444808 -0.007244 -0.137538 0.147118 -0.079468 -0.007736 0.013574 0.038627 -0.020378 -0.027329 0.018968 0.017381 0.017107 0.023588 -0.008229 0.004135 0.000228 0.002081
-0.651057 14.776901 -0.641590 -0.325424 0.311205 -0.020326 0.164381 -0.134548 -0.005982 -0.200969 0.036553 0.070447 0.016407 0.060992 0.013855 0.002371 -0.043810 -0.002373 -0.009196 0.003870 -0.003331 -0.003753 0.010176 -0.002806 0.001643
-2.628157 -0.641590 6.250800 -0.012095 0.082923 -0.025613 0.219657 -0.043990 0.026428 -0.075490 -0.026071 -0.003205 0.002316 -0.006561 -0.006659 0.013866 0.004541 -0.010431 0.000474 -0.000163 0.005568 0.000595 -0.002328 0.004348 -0.003877
-0.991116 -0.325424 -0.012095 2.687122 -0.004785 -0.231311 -0.101974 -0.114961 -0.044805 -0.015888 -0.003567 0.021966 -0.002277 -0.004404 -0.003644 0.006116 0.002847 0.003665 0.006338 0.000049 -0.005023 -0.002705 -0.000903 0.000499 -0.001464
-1.275408 0.311205 0.082923 -0.004785 1.981442 0.000759 0.083287 0.079139 -0.028939 0.011353 -0.041950 0.004563 0.019522 -0.026217 -0.019012 -0.001603 0.003430 0.001935 0.007738 0.001073 0.001710 0.003709 0.001804 0.000320 -0.000966
0.271122 -0.020326 -0.025613 -0.231311 0.000759 1.465492 -0.074602 0.064624 -0.085149 0.042366 -0.017482 0.001079 0.001138 0.002817 0.008183 -0.004495 0.004179 0.001220 0.002139 -0.001460 -0.000091 0.000890 -0.001898 -0.000989 0.003049
-0.776805 0.164381 0.219657 -0.101974 0.083287 -0.074602 0.556304 0.026962 0.008348 -0.006877 0.012423 0.017503 0.003660 -0.004426 0.000258 0.004521 0.006247 0.000971 0.001807 -0.000313 -0.000131 0.002631 0.002017 0.000335 -0.001064
0.444808 -0.134548 -0.043990 -0.114961 0.079139 0.064624 0.026962 0.371855 0.014435 -0.002298 0.008395 -0.007422 -0.004617 0.004352 -0.001415 0.001899 0.004248 0.001202 0.001102 -0.001340 -0.000735 -0.000913 -0.000625 0.000162 0.000672
-0.007244 -0.005982 0.026428 -0.044805 -0.028939 -0.085149 0.008348 0.014435 0.146152 -0.002637 -0.000332 0.001546 0.002689 0.005058 0.000973 0.001263 -0.003630 -0.000694 0.000305 0.000168 -0.000365 -0.000317 -0.001273 -0.000531 -0.000347
-0.137538 -0.200969 -0.075490 -0.015888 0.011353 0.042366 -0.006877 -0.002298 -0.002637 0.060120 0.002859 -0.002360 -0.002928 -0.002859 -0.000378 0.001063 0.001441 0.001882 0.000560 -0.000001 -0.000492 0.000525 0.000023 -0.000251 -0.000224
0.147118 0.036553 -0.026071 -0.003567 -0.041950 -0.017482 0.012423 0.008395 -0.000332 0.002859 0.034592 0.001338 0.001241 0.002068 -0.000795 0.001630 0.000033 0.000740 -0.000119 0.000375 -0.000115 -0.000003 0.000143 0.000004 0.000050
-0.079468 0.070447 -0.003205 0.021966 0.004563 0.001079 0.017503 -0.007422 0.001546 -0.002360 0.001338 0.020612 0.003275 0.000532 0.001219 0.000006 -0.001133 -0.000640 0.000135 -0.000098 0.000331 0.000050 0.000265 -0.000121 -0.000200
-0.007736 0.016407 0.002316 -0.002277 0.019522 0.001138 0.003660 -0.004617 0.002689 -0.002928 0.001241 0.003275 0.011691 0.000073 -0.000577 0.000150 0.000394 0.000228 0.000371 0.000306 -0.000004 0.000240 0.000077 0.000011 -0.000186
0.013574 0.060992 -0.006561 -0.004404 -0.026217 0.002817 -0.004426 0.004352 0.005058 -0.002859 0.002068 0.000532 0.000073 0.007715 0.000668 0.000498 -0.000495 0.000095 0.000280 -0.000090 0.000025 0.000015 0.000234 -0.000084 -0.000029
0.038627 0.013855 -0.006659 -0.003644 -0.019012 0.008183 0.000258 -0.001415 0.000973 -0.000378 -0.000795 0.001219 -0.000577 0.000668 0.003596 0.000282 -0.000131 0.000251 0.000260 0.000168 0.000172 -0.000164 -0.000180 -0.000166 -0.000046
-0.020378 0.002371 0.013866 0.006116 -0.001603 -0.004495 0.004521 0.001899 0.001263 0.001063 0.001630 0.000006 0.000150 0.000498 0.000282 0.002503 0.000706 0.000098 0.000035 0.000177 0.000056 -0.000066 -0.000038 0.000061 -0.000086
-0.027329 -0.043810 0.004541 0.002847 0.003430 0.004179 0.006247 0.004248 -0.003630 0.001441 0.000033 -0.001133 0.000394 -0.000495 -0.000131 0.000706 0.002226 0.000419 0.000441 0.000164 0.000005 -0.000088 -0.000124 0.000060 -0.000044
0.018968 -0.002373 -0.010431 0.003665 0.001935 0.001220 0.000971 0.001202 -0.000694 0.001882 0.000740 -0.000640 0.000228 0.000095 0.000251 0.000098 0.000419 0.001287 0.000500 0.000280 -0.000025 -0.000003 -0.000021 -0.000027 -0.000019
0.017381 -0.009196 0.000474 0.006338 0.007738 0.002139 0.001807 0.001102 0.000305 0.000560 -0.000119 0.000135 0.000371 0.000280 0.000260 0.000035 0.000441 0.000500 0.000868 0.000297 0.000149 -0.000014 0.000035 -0.000007 -0.000036
0.017107 0.003870 -0.000163 0.000049 0.001073 -0.001460 -0.000313 -0.001340 0.000168 -0.000001 0.000375 -0.000098 0.000306 -0.000090 0.000168 0.000177 0.000164 0.000280 0.000297 0.000794 0.000355 0.000093 -0.000068 -0.000075 -0.000004
0.023588 -0.003331 0.005568 -0.005023 0.001710 -0.000091 -0.000131 -0.000735 -0.000365 -0.000492 -0.000115 0.000331 -0.000004 0.000025 0.000172 0.000056 0.000005 -0.000025 0.000149 0.000355 0.000554 0.000115 -0.000029 -0.000047 -0.000019
-0.008229 -0.003753 0.000595 -0.002705 0.003709 0.000890 0.002631 -0.000913 -0.000317 0.000525 -0.000003 0.000050 0.000240 0.000015 -0.000164 -0.000066 -0.000088 -0.000003 -0.000014 0.000093 0.000115 0.000346 0.000116 0.000009 0.000002
0.004135 0.010176 -0.002328 -0.000903 0.001804 -0.001898 0.002017 -0.000625 -0.001273 0.000023 0.000143 0.000265 0.000077 0.000234 -0.000180 -0.000038 -0.000124 -0.000021 0.000035 -0.000068 -0.000029 0.000116 0.000276 0.000052 -0.000016
0.000228 -0.002806 0.004348 0.000499 0.000320 -0.000989 0.000335 0.000162 -0.000531 -0.000251 0.000004 -0.000121 0.000011 -0.000084 -0.000166 0.000061 0.000060 -0.000027 -0.000007 -0.000075 -0.000047 0.000009 0.000052 0.000182 0.000018
0.002081 0.001643 -0.003877 -0.001464 -0.000966 0.003049 -0.001064 0.000672 -0.000347 -0.000224 0.000050 -0.000200 -0.000186 -0.000029 -0.000046 -0.000086 -0.000044 -0.000019 -0.000036 -0.000004 -0.000019 0.000002 -0.000016 0.000018 0.000117
