# rp  wgg  wgg_err  wgp  wgp_err  wpp  wpp_err
827.836295 60.777168 145.223961 122.068052 66.110104 56.039625 31.813257 27.105497 15.917044 21.144798 19.392108 16.952061 18.482283 15.023728 16.171015 13.715999 12.346818 10.325139 7.343408 5.610982 5.176010 4.089877 3.398273 1.263123 0.701998
60.777168 339.680498 26.615421 28.048533 3.978577 5.924312 10.119761 20.176343 7.108397 3.483394 4.946040 4.213728 4.948137 4.592107 3.787628 3.559829 3.084801 3.646532 3.348269 3.029684 2.323016 1.775954 1.799124 0.774619 0.511553
145.223961 26.615421 217.437969 45.142628 49.774316 40.924469 29.695300 27.002497 19.959435 22.085120 20.033248 17.680104 18.290718 15.746685 15.287662 13.884564 12.639157 11.860773 9.858024 7.600301 5.679960 4.142683 2.797712 1.355730 0.843451
122.068052 28.048533 45.142628 92.077349 19.194505 12.590217 12.067269 7.729452 6.729943 9.641534 8.866202 7.240158 7.338485 6.556281 5.793591 5.289115 5.057867 4.890884 3.830427 2.908113 2.471806 1.891989 1.616492 0.755294 0.240711
66.110104 3.978577 49.774316 19.194505 65.173400 25.713258 21.464494 18.614537 14.036938 15.216049 13.167600 13.201080 12.826049 10.552235 10.343507 9.679071 9.181330 8.277998 7.180449 5.705082 4.350326 3.201072 2.247126 1.332218 0.817747
56.039625 5.924312 40.924469 12.590217 25.713258 59.041018 25.658968 22.456464 17.496526 20.462755 18.673931 16.752633 16.336339 14.836549 13.839498 12.882995 11.768601 10.908912 9.252998 7.154870 5.287496 3.997859 2.795145 1.561107 0.739882
31.813257 10.119761 29.695300 12.067269 21.464494 25.658968 37.388328 18.729923 14.797153 15.188672 14.599761 13.286000 12.599499 11.955904 11.146565 10.264644 9.741905 8.939517 7.638257 6.076829 4.450419 3.284144 2.538717 1.434449 0.661885
27.105497 20.176343 27.002497 7.729452 18.614537 22.456464 18.729923 20.758397 12.911454 13.497912 12.557007 11.735573 10.837097 9.942727 9.309166 8.599733 8.168469 7.373699 6.298520 4.932026 3.597511 2.606573 1.906396 1.104326 0.590322
15.917044 7.108397 19.959435 6.729943 14.036938 17.496526 14.797153 12.911454 14.188052 11.394981 11.047454 9.914453 9.327509 8.805449 8.001340 7.414655 7.090851 6.432075 5.451717 4.280673 3.113991 2.243528 1.697590 1.003676 0.527508
21.144798 3.483394 22.085120 9.641534 15.216049 20.462755 15.188672 13.497912 11.394981 13.548482 11.419959 10.320527 9.674290 9.105800 8.432330 7.745289 7.421099 6.699805 5.637920 4.437905 3.283559 2.402795 1.743542 1.013105 0.498713
19.392108 4.946040 20.033248 8.866202 13.167600 18.673931 14.599761 12.557007 11.047454 11.419959 11.766720 9.913072 9.351357 8.748313 8.048313 7.427801 7.160003 6.424306 5.460824 4.313496 3.174173 2.294745 1.656561 0.954925 0.476598
16.952061 4.213728 17.680104 7.240158 13.201080 16.752633 13.286000 11.735573 9.914453 10.320527 9.913072 9.740823 8.597870 8.146366 7.541480 6.978576 6.636296 5.985247 5.074468 4.019970 2.957941 2.177611 1.544753 0.907398 0.460833
18.482283 4.948137 18.290718 7.338485 12.826049 16.336339 12.599499 10.837097 9.327509 9.674290 9.351357 8.597870 8.349817 7.690822 7.123042 6.620090 6.320709 5.715683 4.837151 3.827177 2.810307 2.064262 1.470722 0.847726 0.423986
15.023728 4.592107 15.746685 6.556281 10.552235 14.836549 11.955904 9.942727 8.805449 9.105800 8.748313 8.146366 7.690822 7.444476 6.790388 6.263679 5.987398 5.421099 4.582775 3.633482 2.672038 1.982098 1.416805 0.811017 0.404971
16.171015 3.787628 15.287662 5.793591 10.343507 13.839498 11.146565 9.309166 8.001340 8.432330 8.048313 7.541480 7.123042 6.790388 6.449557 5.895779 5.609832 5.097975 4.319834 3.421536 2.511278 1.857661 1.331120 0.773651 0.382413
13.715999 3.559829 13.884564 5.289115 9.679071 12.882995 10.264644 8.599733 7.414655 7.745289 7.427801 6.978576 6.620090 6.263679 5.895779 5.499767 5.201178 4.721977 4.008957 3.173863 2.326304 1.716987 1.232829 0.718051 0.356457
12.346818 3.084801 12.639157 5.057867 9.181330 11.768601 9.741905 8.168469 7.090851 7.421099 7.160003 6.636296 6.320709 5.987398 5.609832 5.201178 5.029701 4.537356 3.846324 3.046961 2.236592 1.650542 1.182888 0.689204 0.346123
10.325139 3.646532 11.860773 4.890884 8.277998 10.908912 8.939517 7.373699 6.432075 6.699805 6.424306 5.985247 5.715683 5.421099 5.097975 4.721977 4.537356 4.167061 3.531649 2.796242 2.046291 1.512661 1.089999 0.629734 0.313031
7.343408 3.348269 9.858024 3.830427 7.180449 9.252998 7.638257 6.298520 5.451717 5.637920 5.460824 5.074468 4.837151 4.582775 4.319834 4.008957 3.846324 3.531649 3.037048 2.402805 1.755186 1.296395 0.935283 0.540556 0.270559
5.610982 3.029684 7.600301 2.908113 5.705082 7.154870 6.076829 4.932026 4.280673 4.437905 4.313496 4.019970 3.827177 3.633482 3.421536 3.173863 3.046961 2.796242 2.402805 1.932379 1.413358 1.043985 0.752125 0.436934 0.219422
5.176010 2.323016 5.679960 2.471806 4.350326 5.287496 4.450419 3.597511 3.113991 3.283559 3.174173 2.957941 2.810307 2.672038 2.511278 2.326304 2.236592 2.046291 1.755186 1.413358 1.062924 0.791640 0.567515 0.326894 0.166765
4.089877 1.775954 4.142683 1.891989 3.201072 3.997859 3.284144 2.606573 2.243528 2.402795 2.294745 2.177611 2.064262 1.982098 1.857661 1.716987 1.650542 1.512661 1.296395 1.043985 0.791640 0.617708 0.441606 0.252855 0.129197
3.398273 1.799124 2.797712 1.616492 2.247126 2.795145 2.538717 1.906396 1.697590 1.743542 1.656561 1.544753 1.470722 1.416805 1.331120 1.232829 1.182888 1.089999 0.935283 0.752125 0.567515 0.441606 0.342047 0.198857 0.098699
1.263123 0.774619 1.355730 0.755294 1.332218 1.561107 1.434449 1.104326 1.003676 1.013105 0.954925 0.907398 0.847726 0.811017 0.773651 0.718051 0.689204 0.629734 0.540556 0.436934 0.326894 0.252855 0.198857 0.139539 0.068477
0.701998 0.511553 0.843451 0.240711 0.817747 0.739882 0.661885 0.590322 0.527508 0.498713 0.476598 0.460833 0.423986 0.404971 0.382413 0.356457 0.346123 0.313031 0.270559 0.219422 0.166765 0.129197 0.098699 0.068477 0.046136
