# rp  wgg  wgg_err  wgp  wgp_err  wpp  wpp_err
24.982458 -0.844828 -0.391802 1.054923 0.145500 -0.638253 0.680114 -0.317897 0.071324 0.017851 0.140285 -0.022211 -0.047350 -0.010929 -0.026392 -0.022380 -0.015069 -0.003554 0.006996 0.005714 -0.008629 0.000066 -0.001159 0.001685 -0.008024
-0.844828 9.077104 0.036357 -0.075976 0.246990 -0.012603 -0.046719 0.063696 -0.137502 0.020220 -0.007452 -0.073153 -0.001914 -0.025883 -0.009035 -0.003590 0.001819 0.009615 0.008351 -0.011576 -0.002592 -0.001409 0.003514 -0.002589 0.000289
-0.391802 0.036357 4.147019 0.287439 -0.023391 0.299227 -0.209045 0.117209 0.074026 -0.049937 -0.002125 -0.004949 -0.002452 0.018054 -0.011405 -0.002248 -0.005250 -0.006243 -0.002679 -0.002657 -0.000893 0.002890 -0.001184 0.000797 -0.000329
1.054923 -0.075976 0.287439 2.447454 0.146863 0.042052 -0.003537 -0.164509 -0.057331 0.022628 0.009711 0.019873 0.005975 0.002262 0.008787 -0.001134 0.000579 0.001120 0.003970 0.001444 0.000929 0.001106 0.001243 0.000173 -0.001043
0.145500 0.246990 -0.023391 0.146863 0.787171 0.205679 -0.006783 0.024604 -0.071661 -0.002968 -0.028920 -0.006006 -0.002924 -0.010690 0.001251 -0.005776 0.000295 -0.002854 -0.001832 0.000842 0.000769 0.001910 0.000463 -0.000330 -0.000147
-0.638253 -0.012603 0.299227 0.042052 0.205679 0.794219 -0.039295 0.049741 -0.021171 -0.009788 -0.026250 0.015252 0.006893 0.002153 -0.006047 -0.002501 0.003427 -0.000643 -0.001736 0.000379 0.000575 0.001798 0.000799 -0.001200 -0.000620
0.680114 -0.046719 -0.209045 -0.003537 -0.006783 -0.039295 0.389273 -0.030851 -0.013304 -0.012498 0.000551 -0.001160 0.002001 -0.005151 -0.002644 -0.000627 0.002102 0.001433 -0.001378 0.000916 -0.001662 -0.000434 0.000443 -0.000655 -0.000205
-0.317897 0.063696 0.117209 -0.164509 0.024604 0.049741 -0.030851 0.207910 0.002151 -0.011276 0.005819 -0.007964 -0.004450 0.003448 0.001875 0.000540 -0.001473 -0.000481 -0.001343 -0.000203 0.000037 0.000351 0.000445 0.000269 0.000803
0.071324 -0.137502 0.074026 -0.057331 -0.071661 -0.021171 -0.013304 0.002151 0.093306 -0.006539 0.005800 -0.002481 0.001746 0.005990 0.000855 0.000988 -0.000451 -0.000452 0.000174 -0.000213 0.000774 0.000305 -0.000001 0.000197 0.000167
0.017851 0.020220 -0.049937 0.022628 -0.002968 -0.009788 -0.012498 -0.011276 -0.006539 0.045037 0.000415 -0.000960 -0.000058 0.000085 -0.000342 -0.000660 0.000108 -0.000354 -0.000729 -0.000056 -0.000416 -0.000137 -0.000272 -0.000112 0.000124
0.140285 -0.007452 -0.002125 0.009711 -0.028920 -0.026250 0.000551 0.005819 0.005800 0.000415 0.022801 -0.000937 -0.001538 0.000946 0.000472 -0.000760 -0.000127 0.000243 0.000317 0.000096 0.000211 0.000093 0.000010 0.000208 0.000231
-0.022211 -0.073153 -0.004949 0.019873 -0.006006 0.015252 -0.001160 -0.007964 -0.002481 -0.000960 -0.000937 0.012783 0.000870 -0.000342 -0.000006 -0.000211 0.000379 0.000602 -0.000082 -0.000027 -0.000062 -0.000076 0.000102 0.000215 0.000002
-0.047350 -0.001914 -0.002452 0.005975 -0.002924 0.006893 0.002001 -0.004450 0.001746 -0.000058 -0.001538 0.000870 0.006346 0.000104 -0.000285 0.000494 0.000118 -0.000332 0.000091 0.000084 0.000089 0.000043 0.000042 -0.000044 0.000006
-0.010929 -0.025883 0.018054 0.002262 -0.010690 0.002153 -0.005151 0.003448 0.005990 0.000085 0.000946 -0.000342 0.000104 0.004113 0.000493 0.000032 0.000141 0.000088 -0.000147 0.000056 0.000026 0.000038 0.000030 0.000026 -0.000031
-0.026392 -0.009035 -0.011405 0.008787 0.001251 -0.006047 -0.002644 0.001875 0.000855 -0.000342 0.000472 -0.000006 -0.000285 0.000493 0.002228 0.000172 0.000139 0.000148 0.000064 -0.000213 0.000118 0.000096 0.000054 0.000084 -0.000005
-0.022380 -0.003590 -0.002248 -0.001134 -0.005776 -0.002501 -0.000627 0.000540 0.000988 -0.000660 -0.000760 -0.000211 0.000494 0.000032 0.000172 0.001470 0.000194 0.000098 0.000117 0.000122 0.000097 0.000023 -0.000035 -0.000024 0.000015
-0.015069 0.001819 -0.005250 0.000579 0.000295 0.003427 0.002102 -0.001473 -0.000451 0.000108 -0.000127 0.000379 0.000118 0.000141 0.000139 0.000194 0.000965 0.000261 0.000061 0.000052 0.000049 0.000058 0.000051 -0.000009 -0.000033
-0.003554 0.009615 -0.006243 0.001120 -0.002854 -0.000643 0.001433 -0.000481 -0.000452 -0.000354 0.000243 0.000602 -0.000332 0.000088 0.000148 0.000098 0.000261 0.000642 0.000122 0.000023 0.000068 0.000074 0.000039 -0.000004 -0.000059
0.006996 0.008351 -0.002679 0.003970 -0.001832 -0.001736 -0.001378 -0.001343 0.000174 -0.000729 0.000317 -0.000082 0.000091 -0.000147 0.000064 0.000117 0.000061 0.000122 0.000426 0.000090 0.000045 0.000017 0.000033 0.000005 -0.000036
0.005714 -0.011576 -0.002657 0.001444 0.000842 0.000379 0.000916 -0.000203 -0.000213 -0.000056 0.000096 -0.000027 0.000084 0.000056 -0.000213 0.000122 0.000052 0.000023 0.000090 0.000332 0.000087 0.000037 0.000001 0.000004 -0.000018
-0.008629 -0.002592 -0.000893 0.000929 0.000769 0.000575 -0.001662 0.000037 0.000774 -0.000416 0.000211 -0.000062 0.000089 0.000026 0.000118 0.000097 0.000049 0.000068 0.000045 0.000087 0.000296 0.000119 0.000047 0.000004 0.000010
0.000066 -0.001409 0.002890 0.001106 0.001910 0.001798 -0.000434 0.000351 0.000305 -0.000137 0.000093 -0.000076 0.000043 0.000038 0.000096 0.000023 0.000058 0.000074 0.000017 0.000037 0.000119 0.000208 0.000052 -0.000011 -0.000019
-0.001159 0.003514 -0.001184 0.001243 0.000463 0.000799 0.000443 0.000445 -0.000001 -0.000272 0.000010 0.000102 0.000042 0.000030 0.000054 -0.000035 0.000051 0.000039 0.000033 0.000001 0.000047 0.000052 0.000129 0.000069 -0.000008
0.001685 -0.002589 0.000797 0.000173 -0.000330 -0.001200 -0.000655 0.000269 0.000197 -0.000112 0.000208 0.000215 -0.000044 0.000026 0.000084 -0.000024 -0.000009 -0.000004 0.000005 0.000004 0.000004 -0.000011 0.000069 0.000153 0.000022
-0.008024 0.000289 -0.000329 -0.001043 -0.000147 -0.000620 -0.000205 0.000803 0.000167 0.000124 0.000231 0.000002 0.000006 -0.000031 -0.000005 0.000015 -0.000033 -0.000059 -0.000036 -0.000018 0.000010 -0.000019 -0.000008 0.000022 0.000078
