4.71392e+01 4.14150e+01 3.88202e+01 3.61033e+01 3.32864e+01 3.05762e+01 2.79568e+01 2.46769e+01 1.99838e+01 1.38492e+01 7.27676e+00 2.15768e+00
4.14150e+01 4.28421e+01 3.87441e+01 3.60920e+01 3.32922e+01 3.05774e+01 2.79551e+01 2.46759e+01 1.99834e+01 1.38492e+01 7.27680e+00 2.15771e+00
3.88202e+01 3.87441e+01 3.86702e+01 3.60233e+01 3.32988e+01 3.05829e+01 2.79504e+01 2.46719e+01 1.99819e+01 1.38490e+01 7.27694e+00 2.15782e+00
3.61033e+01 3.60920e+01 3.60233e+01 3.56867e+01 3.33006e+01 3.05980e+01 2.79368e+01 2.46604e+01 1.99776e+01 1.38484e+01 7.27735e+00 2.15816e+00
3.32864e+01 3.32922e+01 3.32988e+01 3.33006e+01 3.29220e+01 3.06284e+01 2.79006e+01 2.46274e+01 1.99652e+01 1.38466e+01 7.27853e+00 2.15913e+00
3.05762e+01 3.05774e+01 3.05829e+01 3.05980e+01 3.06284e+01 3.02238e+01 2.78131e+01 2.45308e+01 1.99281e+01 1.38414e+01 7.28202e+00 2.16201e+00
2.79568e+01 2.79551e+01 2.79504e+01 2.79368e+01 2.79006e+01 2.78131e+01 2.71676e+01 2.42645e+01 1.98157e+01 1.38252e+01 7.29227e+00 2.17053e+00
2.46769e+01 2.46759e+01 2.46719e+01 2.46604e+01 2.46274e+01 2.45308e+01 2.42645e+01 2.32026e+01 1.94692e+01 1.37716e+01 7.32191e+00 2.19567e+00
1.99838e+01 1.99834e+01 1.99819e+01 1.99776e+01 1.99652e+01 1.99281e+01 1.98157e+01 1.94692e+01 1.80690e+01 1.35580e+01 7.40325e+00 2.26954e+00
1.38492e+01 1.38492e+01 1.38490e+01 1.38484e+01 1.38466e+01 1.38414e+01 1.38252e+01 1.37716e+01 1.35580e+01 1.22332e+01 7.56659e+00 2.47809e+00
7.27676e+00 7.27680e+00 7.27694e+00 7.27735e+00 7.27853e+00 7.28202e+00 7.29227e+00 7.32191e+00 7.40325e+00 7.56659e+00 6.90774e+00 2.99839e+00
2.15768e+00 2.15771e+00 2.15782e+00 2.15816e+00 2.15913e+00 2.16201e+00 2.17053e+00 2.19567e+00 2.26954e+00 2.47809e+00 2.99839e+00 3.07350e+00
