1.19454e-01 1.92104e-02 -7.44075e-03 1.44025e-02 1.88791e-02 -1.72589e-03 1.05593e-02 -9.77339e-03 -1.42018e-02 -3.76515e-03 -7.44500e-03 -4.69201e-03
1.92104e-02 1.33216e-02 9.09860e-03 1.04831e-02 6.69521e-03 3.05119e-03 5.54816e-03 2.12585e-03 -1.02036e-04 -2.97028e-04 9.57068e-04 1.56459e-03
-7.44075e-03 9.09860e-03 1.62084e-02 8.69577e-03 3.77382e-03 1.56843e-03 2.77124e-03 3.82851e-03 3.29671e-03 1.95078e-03 3.29121e-03 3.06986e-03
1.44025e-02 1.04831e-02 8.69577e-03 9.94151e-03 6.79077e-03 2.46435e-03 4.61746e-03 1.80663e-03 -1.62222e-04 1.39257e-04 1.26294e-03 1.75319e-03
1.88791e-02 6.69521e-03 3.77382e-03 6.79077e-03 8.27966e-03 4.05776e-03 4.83456e-03 1.04153e-03 -7.83334e-04 7.62441e-04 7.87665e-04 7.94365e-04
-1.72589e-03 3.05119e-03 1.56843e-03 2.46435e-03 4.05776e-03 7.03133e-03 3.87876e-03 2.80753e-03 1.43886e-03 6.65647e-04 5.59970e-04 1.11582e-03
1.05593e-02 5.54816e-03 2.77124e-03 4.61746e-03 4.83456e-03 3.87876e-03 3.74561e-03 1.24472e-03 -1.70184e-04 1.54347e-04 1.24601e-04 6.83458e-04
-9.77339e-03 2.12585e-03 3.82851e-03 1.80663e-03 1.04153e-03 2.80753e-03 1.24472e-03 3.00996e-03 2.47995e-03 7.57838e-04 2.00927e-03 1.37984e-03
-1.42018e-02 -1.02036e-04 3.29671e-03 -1.62222e-04 -7.83334e-04 1.43886e-03 -1.70184e-04 2.47995e-03 2.65957e-03 9.35343e-04 1.94772e-03 1.11059e-03
-3.76515e-03 -2.97028e-04 1.95078e-03 1.39257e-04 7.62441e-04 6.65647e-04 1.54347e-04 7.57838e-04 9.35343e-04 8.70198e-04 9.12778e-04 4.26125e-04
-7.44500e-03 9.57068e-04 3.29121e-03 1.26294e-03 7.87665e-04 5.59970e-04 1.24601e-04 2.00927e-03 1.94772e-03 9.12778e-04 2.32877e-03 9.99739e-04
-4.69201e-03 1.56459e-03 3.06986e-03 1.75319e-03 7.94365e-04 1.11582e-03 6.83458e-04 1.37984e-03 1.11059e-03 4.26125e-04 9.99739e-04 8.72940e-04
