1.43473e-02 -4.34622e-03 -9.85798e-04 2.34925e-03 -2.11758e-03 -1.50830e-03 2.38476e-03 8.86163e-04 6.57272e-04 9.21841e-04 -4.51361e-04 -8.88845e-04
-4.34622e-03 5.91260e-03 1.78660e-03 -1.69100e-03 -8.47971e-04 -8.02850e-05 -1.18535e-03 1.96726e-04 -2.10793e-04 -1.40399e-04 6.69680e-04 2.52210e-04
-9.85798e-04 1.78660e-03 7.70875e-04 -2.55067e-04 -5.88209e-04 -2.39618e-04 -3.17604e-04 8.77341e-05 -8.06370e-05 3.75828e-05 2.84219e-04 4.30053e-05
2.34925e-03 -1.69100e-03 -2.55067e-04 1.87130e-03 -2.67341e-04 -5.82684e-04 5.22310e-04 -5.38045e-05 -2.66612e-04 2.36950e-04 -1.25703e-04 -1.14372e-05
-2.11758e-03 -8.47971e-04 -5.88209e-04 -2.67341e-04 1.83738e-03 1.18182e-03 5.22890e-05 -3.80183e-04 -2.39218e-04 -1.36755e-04 -1.48808e-04 -5.15069e-06
-1.50830e-03 -8.02850e-05 -2.39618e-04 -5.82684e-04 1.18182e-03 1.01776e-03 5.39733e-06 -1.75497e-04 -8.59466e-05 1.62213e-05 2.37227e-05 -2.90864e-05
2.38476e-03 -1.18535e-03 -3.17604e-04 5.22310e-04 5.22890e-05 5.39733e-06 5.78279e-04 4.62317e-05 -9.50799e-06 1.64137e-04 -8.38323e-05 -1.32764e-04
8.86163e-04 1.96726e-04 8.77341e-05 -5.38045e-05 -3.80183e-04 -1.75497e-04 4.62317e-05 1.36532e-04 1.16401e-04 7.92955e-05 2.12344e-05 -6.65908e-05
6.57272e-04 -2.10793e-04 -8.06370e-05 -2.66612e-04 -2.39218e-04 -8.59466e-05 -9.50799e-06 1.16401e-04 2.39920e-04 1.60891e-05 -6.12619e-05 -1.04839e-04
9.21841e-04 -1.40399e-04 3.75828e-05 2.36950e-04 -1.36755e-04 1.62213e-05 1.64137e-04 7.92955e-05 1.60891e-05 1.93370e-04 5.03241e-05 -7.53354e-05
-4.51361e-04 6.69680e-04 2.84219e-04 -1.25703e-04 -1.48808e-04 2.37227e-05 -8.38323e-05 2.12344e-05 -6.12619e-05 5.03241e-05 1.47480e-04 5.03095e-05
-8.88845e-04 2.52210e-04 4.30053e-05 -1.14372e-05 -5.15069e-06 -2.90864e-05 -1.32764e-04 -6.65908e-05 -1.04839e-04 -7.53354e-05 5.03095e-05 1.80255e-04
