4.02513e-03 1.09618e-03 2.58519e-04 6.85490e-05 1.60613e-05 2.99337e-06 5.12495e-07 1.09880e-07 3.45800e-08 1.02266e-08 2.70415e-09 6.83716e-10
1.09618e-03 2.87088e-03 7.00462e-04 1.85024e-04 4.46575e-05 7.92087e-06 1.16736e-06 2.99771e-07 9.45522e-08 2.78860e-08 7.58080e-09 1.73991e-09
2.58519e-04 7.00462e-04 1.79950e-03 6.47721e-04 1.53330e-04 2.73539e-05 4.15856e-06 1.00343e-06 3.16136e-07 9.32871e-08 2.51686e-08 5.93577e-09
6.85490e-05 1.85024e-04 6.47721e-04 1.47141e-03 5.04847e-04 8.77250e-05 1.28634e-05 3.03666e-06 9.55084e-07 2.81838e-07 7.60646e-08 1.79131e-08
1.60613e-05 4.46575e-05 1.53330e-04 5.04847e-04 1.08145e-03 3.08191e-04 4.07961e-05 8.92037e-06 2.78945e-06 8.23207e-07 2.22144e-07 5.23045e-08
2.99337e-06 7.92087e-06 2.73539e-05 8.77250e-05 3.08191e-04 7.02360e-04 1.63334e-04 2.70611e-05 8.24769e-06 2.43440e-06 6.56599e-07 1.54581e-07
5.12495e-07 1.16736e-06 4.15856e-06 1.28634e-05 4.07961e-05 1.63334e-04 4.19693e-04 9.89300e-05 2.45020e-05 7.22844e-06 1.94718e-06 4.58140e-07
1.09880e-07 2.99771e-07 1.00343e-06 3.03666e-06 8.92037e-06 2.70611e-05 9.89300e-05 2.60708e-04 7.78113e-05 2.15928e-05 5.79718e-06 1.36120e-06
3.45800e-08 9.45522e-08 3.16136e-07 9.55084e-07 2.78945e-06 8.24769e-06 2.45020e-05 7.78113e-05 1.84686e-04 6.67953e-05 1.75265e-05 4.07976e-06
1.02266e-08 2.78860e-08 9.32871e-08 2.81838e-07 8.23207e-07 2.43440e-06 7.22844e-06 2.15928e-05 6.67953e-05 1.44967e-04 5.50201e-05 1.22727e-05
2.70415e-09 7.58080e-09 2.51686e-08 7.60646e-08 2.22144e-07 6.56599e-07 1.94718e-06 5.79718e-06 1.75265e-05 5.50201e-05 1.15375e-04 3.89528e-05
6.83716e-10 1.73991e-09 5.93577e-09 1.79131e-08 5.23045e-08 1.54581e-07 4.58140e-07 1.36120e-06 4.07976e-06 1.22727e-05 3.89528e-05 8.19077e-05
