3.10834e+01 2.37350e+01 2.10535e+01 1.65600e+01 1.19051e+01 7.53050e+00 4.55332e+00 2.79187e+00 4.60402e-01 -7.73708e-01 -7.32547e-01 8.45372e-03
2.37350e+01 1.88381e+01 1.62758e+01 1.28235e+01 8.92446e+00 5.42734e+00 3.19830e+00 1.99531e+00 1.49963e-01 -7.07264e-01 -4.69520e-01 2.09606e-01
2.10535e+01 1.62758e+01 1.45093e+01 1.15556e+01 8.36877e+00 5.34524e+00 3.28040e+00 2.03265e+00 4.58529e-01 -4.52584e-01 -4.35241e-01 -1.70433e-01
1.65600e+01 1.28235e+01 1.15556e+01 9.33413e+00 6.86460e+00 4.47492e+00 2.83404e+00 1.77604e+00 5.45879e-01 -2.54066e-01 -3.32563e-01 -2.75750e-01
1.19051e+01 8.92446e+00 8.36877e+00 6.86460e+00 5.40987e+00 3.78688e+00 2.51078e+00 1.53981e+00 6.34584e-01 -1.47251e-01 -3.15091e-01 -3.10912e-01
7.53050e+00 5.42734e+00 5.34524e+00 4.47492e+00 3.78688e+00 2.88267e+00 2.05167e+00 1.25063e+00 6.23011e-01 -3.81098e-02 -2.76013e-01 -2.56552e-01
4.55332e+00 3.19830e+00 3.28040e+00 2.83404e+00 2.51078e+00 2.05167e+00 1.59509e+00 1.00679e+00 6.12442e-01 1.16191e-01 -2.25209e-01 -2.37057e-01
2.79187e+00 1.99531e+00 2.03265e+00 1.77604e+00 1.53981e+00 1.25063e+00 1.00679e+00 6.86098e-01 5.43429e-01 2.50022e-01 -1.40557e-01 -3.18702e-01
4.60402e-01 1.49963e-01 4.58529e-01 5.45879e-01 6.34584e-01 6.23011e-01 6.12442e-01 5.43429e-01 8.92100e-01 7.31222e-01 -7.13519e-02 -8.46188e-01
-7.73708e-01 -7.07264e-01 -4.52584e-01 -2.54066e-01 -1.47251e-01 -3.81098e-02 1.16191e-01 2.50022e-01 7.31222e-01 7.54814e-01 3.72597e-03 -8.20646e-01
-7.32547e-01 -4.69520e-01 -4.35241e-01 -3.32563e-01 -3.15091e-01 -2.76013e-01 -2.25209e-01 -1.40557e-01 -7.13519e-02 3.72597e-03 8.22136e-02 -5.52976e-02
8.45372e-03 2.09606e-01 -1.70433e-01 -2.75750e-01 -3.10912e-01 -2.56552e-01 -2.37057e-01 -3.18702e-01 -8.46188e-01 -8.20646e-01 -5.52976e-02 1.12017e+00
