1.22243e-01 -2.24018e-02 -5.88264e-03 7.79677e-03 -8.82845e-03 -1.67958e-03 -8.67533e-04 5.72157e-03 2.23538e-03 6.26687e-03 -4.24513e-03 -1.13590e-03
-2.24018e-02 5.79597e-02 2.41008e-02 -2.15350e-03 1.65937e-02 5.10871e-04 -1.69137e-03 -9.37547e-03 -2.03394e-03 -3.04652e-03 1.40873e-03 -6.16712e-03
-5.88264e-03 2.41008e-02 2.29445e-02 -9.36158e-04 1.24365e-02 -1.10588e-03 1.72241e-03 -3.50659e-03 -2.92070e-03 -2.67436e-03 1.33923e-03 -1.54015e-03
7.79677e-03 -2.15350e-03 -9.36158e-04 6.34138e-03 7.35656e-04 2.47520e-03 7.66961e-04 -1.05260e-03 -6.61567e-04 1.35050e-03 5.05964e-04 1.11158e-03
-8.82845e-03 1.65937e-02 1.24365e-02 7.35656e-04 9.34818e-03 9.21236e-04 1.23937e-03 -2.41735e-03 -2.04486e-03 -1.52808e-03 2.38116e-03 -1.50568e-03
-1.67958e-03 5.10871e-04 -1.10588e-03 2.47520e-03 9.21236e-04 1.78903e-03 1.09474e-03 -4.38738e-04 1.27160e-04 1.08855e-03 6.97674e-04 -8.89092e-05
-8.67533e-04 -1.69137e-03 1.72241e-03 7.66961e-04 1.23937e-03 1.09474e-03 3.04313e-03 6.35508e-04 6.27124e-04 1.64122e-03 2.96203e-04 -1.88431e-04
5.72157e-03 -9.37547e-03 -3.50659e-03 -1.05260e-03 -2.41735e-03 -4.38738e-04 6.35508e-04 2.49044e-03 6.93114e-04 9.56205e-04 1.06439e-04 3.28731e-04
2.23538e-03 -2.03394e-03 -2.92070e-03 -6.61567e-04 -2.04486e-03 1.27160e-04 6.27124e-04 6.93114e-04 1.23119e-03 1.32062e-03 -6.85160e-04 -4.20809e-04
6.26687e-03 -3.04652e-03 -2.67436e-03 1.35050e-03 -1.52808e-03 1.08855e-03 1.64122e-03 9.56205e-04 1.32062e-03 2.68263e-03 -2.82083e-04 -2.78205e-04
-4.24513e-03 1.40873e-03 1.33923e-03 5.05964e-04 2.38116e-03 6.97674e-04 2.96203e-04 1.06439e-04 -6.85160e-04 -2.82083e-04 1.51651e-03 -2.09952e-04
-1.13590e-03 -6.16712e-03 -1.54015e-03 1.11158e-03 -1.50568e-03 -8.89092e-05 -1.88431e-04 3.28731e-04 -4.20809e-04 -2.78205e-04 -2.09952e-04 1.50039e-03
