2.26603e+01 1.46807e+00 -8.80294e-01 -2.02411e+00 -1.91054e+00 1.87790e-01 -5.11425e-01 -2.08224e-01 -8.81883e-01 -9.10703e-01 7.31907e-02 -4.03529e-01
1.46807e+00 1.11609e+00 4.64236e-01 -2.53560e-01 -1.87227e-01 -2.67189e-01 -3.10037e-01 2.03868e-02 -2.49364e-01 -3.13383e-01 1.97071e-01 8.40707e-02
-8.80294e-01 4.64236e-01 2.24304e+00 9.87350e-01 -2.93478e-01 -7.15007e-01 -2.55788e-01 1.73977e-01 -1.44753e-01 -2.23592e-01 8.76098e-02 6.71911e-02
-2.02411e+00 -2.53560e-01 9.87350e-01 9.44408e-01 1.68880e-01 -2.12465e-01 3.23946e-02 9.16260e-02 2.93892e-03 5.65004e-02 -3.26410e-02 3.63249e-02
-1.91054e+00 -1.87227e-01 -2.93478e-01 1.68880e-01 5.77169e-01 4.50517e-01 1.70906e-01 4.24066e-03 3.90949e-02 1.34250e-01 -6.64999e-02 3.01422e-02
1.87790e-01 -2.67189e-01 -7.15007e-01 -2.12465e-01 4.50517e-01 6.71785e-01 1.58238e-01 -3.25508e-02 -1.47589e-02 9.01843e-02 -1.23903e-01 -3.98024e-02
-5.11425e-01 -3.10037e-01 -2.55788e-01 3.23946e-02 1.70906e-01 1.58238e-01 2.42715e-01 -3.14672e-02 1.44778e-01 1.91457e-01 -5.76388e-02 -9.93350e-03
-2.08224e-01 2.03868e-02 1.73977e-01 9.16260e-02 4.24066e-03 -3.25508e-02 -3.14672e-02 1.99009e-02 -1.54847e-02 -2.72271e-02 5.18477e-03 3.53206e-03
-8.81883e-01 -2.49364e-01 -1.44753e-01 2.93892e-03 3.90949e-02 -1.47589e-02 1.44778e-01 -1.54847e-02 1.52468e-01 1.32160e-01 -1.49800e-02 -4.32805e-03
-9.10703e-01 -3.13383e-01 -2.23592e-01 5.65004e-02 1.34250e-01 9.01843e-02 1.91457e-01 -2.72271e-02 1.32160e-01 1.80606e-01 -5.58010e-02 6.44339e-04
7.31907e-02 1.97071e-01 8.76098e-02 -3.26410e-02 -6.64999e-02 -1.23903e-01 -5.76388e-02 5.18477e-03 -1.49800e-02 -5.58010e-02 5.97721e-02 1.77656e-02
-4.03529e-01 8.40707e-02 6.71911e-02 3.63249e-02 3.01422e-02 -3.98024e-02 -9.93350e-03 3.53206e-03 -4.32805e-03 6.44339e-04 1.77656e-02 2.26570e-02
