4.54907e+00 1.23820e+00 2.91471e-01 7.69592e-02 1.78712e-02 3.27808e-03 5.49284e-04 1.12392e-04 3.27005e-05 8.23959e-06 1.64035e-06 3.34936e-07
1.23820e+00 3.24347e+00 7.89947e-01 2.07777e-01 4.97270e-02 8.67206e-03 1.23939e-03 3.07338e-04 8.98374e-05 2.26631e-05 4.79020e-06 7.98341e-07
2.91471e-01 7.89947e-01 2.03011e+00 7.28065e-01 1.70862e-01 2.99750e-02 4.43029e-03 1.02821e-03 3.00011e-04 7.56371e-05 1.57313e-05 2.77711e-06
7.69592e-02 2.07777e-01 7.28065e-01 1.65527e+00 5.63961e-01 9.63341e-02 1.37184e-02 3.11259e-03 9.06601e-04 2.28582e-04 4.75762e-05 8.37312e-06
1.78712e-02 4.97270e-02 1.70862e-01 5.63961e-01 1.21038e+00 3.40554e-01 4.36724e-02 9.15112e-03 2.64933e-03 6.67989e-04 1.38995e-04 2.44517e-05
3.27808e-03 8.67206e-03 2.99750e-02 9.63341e-02 3.40554e-01 7.79788e-01 1.77222e-01 2.78459e-02 7.84626e-03 1.97823e-03 4.11200e-04 7.23146e-05
5.49284e-04 1.23939e-03 4.43029e-03 1.37184e-02 4.36724e-02 1.77222e-01 4.59905e-01 1.03672e-01 2.34256e-02 5.89900e-03 1.22281e-03 2.14726e-04
1.12392e-04 3.07338e-04 1.02821e-03 3.11259e-03 9.15112e-03 2.78459e-02 1.03672e-01 2.77923e-01 7.60883e-02 1.78446e-02 3.67095e-03 6.41460e-04
3.27005e-05 8.98374e-05 3.00011e-04 9.06601e-04 2.64933e-03 7.84626e-03 2.34256e-02 7.60883e-02 1.85212e-01 5.75558e-02 1.13855e-02 1.94962e-03
8.23959e-06 2.26631e-05 7.56371e-05 2.28582e-04 6.67989e-04 1.97823e-03 5.89900e-03 1.78446e-02 5.75558e-02 1.29955e-01 3.88556e-02 6.04593e-03
1.64035e-06 4.79020e-06 1.57313e-05 4.75762e-05 1.38995e-04 4.11200e-04 1.22281e-03 3.67095e-03 1.13855e-02 3.88556e-02 8.77066e-02 2.16884e-02
3.34936e-07 7.98341e-07 2.77711e-06 8.37312e-06 2.44517e-05 7.23146e-05 2.14726e-04 6.41460e-04 1.94962e-03 6.04593e-03 2.16884e-02 5.19156e-02
