2.59919e-02 7.07526e-03 1.66599e-03 4.40172e-04 1.02357e-04 1.88223e-05 3.16478e-06 6.52553e-07 1.92459e-07 5.00001e-08 1.06191e-08 2.29920e-09
7.07526e-03 1.85331e-02 4.51499e-03 1.18834e-03 2.84779e-04 4.97958e-05 7.15185e-06 1.78372e-06 5.28291e-07 1.37285e-07 3.06958e-08 5.58998e-09
1.66599e-03 4.51499e-03 1.16026e-02 4.16342e-03 9.78387e-04 1.72095e-04 2.55506e-05 5.96806e-06 1.76460e-06 4.58400e-07 1.01078e-07 1.93292e-08
4.40172e-04 1.18834e-03 4.16342e-03 9.46445e-03 3.22810e-03 5.52896e-04 7.91040e-05 1.80655e-05 5.33219e-06 1.38524e-06 3.05639e-07 5.82949e-08
1.02357e-04 2.84779e-04 9.78387e-04 3.22810e-03 6.92613e-03 1.95264e-03 2.51673e-04 5.31058e-05 1.55805e-05 4.04770e-06 8.92850e-07 1.70230e-07
1.88223e-05 4.97958e-05 1.72095e-04 5.52896e-04 1.95264e-03 4.46778e-03 1.01908e-03 1.61513e-04 4.61298e-05 1.19837e-05 2.64081e-06 5.03340e-07
3.16478e-06 7.15185e-06 2.55506e-05 7.91040e-05 2.51673e-04 1.01908e-03 2.64044e-03 5.99511e-04 1.37603e-04 3.57041e-05 7.84776e-06 1.49372e-06
6.52553e-07 1.78372e-06 5.96806e-06 1.80655e-05 5.31058e-05 1.61513e-04 5.99511e-04 1.60269e-03 4.45180e-04 1.07734e-04 2.35114e-05 4.45488e-06
1.92459e-07 5.28291e-07 1.76460e-06 5.33219e-06 1.55805e-05 4.61298e-05 1.37603e-04 4.45180e-04 1.07895e-03 3.44647e-04 7.24696e-05 1.34828e-05
5.00001e-08 1.37285e-07 4.58400e-07 1.38524e-06 4.04770e-06 1.19837e-05 3.57041e-05 1.07734e-04 3.44647e-04 7.72357e-04 2.42549e-04 4.14341e-05
1.06191e-08 3.06958e-08 1.01078e-07 3.05639e-07 8.92850e-07 2.64081e-06 7.84776e-06 2.35114e-05 7.24696e-05 2.42549e-04 5.38715e-04 1.43587e-04
2.29920e-09 5.58998e-09 1.93292e-08 5.82949e-08 1.70230e-07 5.03340e-07 1.49372e-06 4.45488e-06 1.34828e-05 4.14341e-05 1.43587e-04 3.32427e-04
