2.26111e+03 2.45520e+02 -4.26648e+02 5.42692e+01 -3.59718e+01 2.20815e+02 1.78812e+02 1.37805e+02 9.12777e+01 6.80116e+01 8.29905e+01 5.95999e+01
2.45520e+02 7.60554e+02 -3.40171e+02 -1.12527e+02 -2.14987e+02 -6.96842e+01 -3.49140e+01 -2.24754e+01 -4.98916e+01 -1.04339e+02 -8.59174e+01 -3.88275e+01
-4.26648e+02 -3.40171e+02 4.28021e+02 2.75696e+01 1.77263e+02 -5.18661e+01 -8.96431e+01 -6.02898e+01 -1.15693e+01 -1.13777e+00 1.35325e+01 -5.65660e+00
5.42692e+01 -1.12527e+02 2.75696e+01 1.05587e+02 8.78907e+01 6.98872e+01 8.00954e+01 4.72310e+01 2.11085e+01 3.85990e+01 2.05916e+01 4.72586e+00
-3.59718e+01 -2.14987e+02 1.77263e+02 8.78907e+01 1.33897e+02 3.97344e+01 2.78572e+01 1.50079e+01 1.41595e+01 3.18422e+01 2.49516e+01 4.65654e+00
2.20815e+02 -6.96842e+01 -5.18661e+01 6.98872e+01 3.97344e+01 7.81334e+01 7.42872e+01 4.78578e+01 2.32081e+01 4.52746e+01 2.51983e+01 1.05133e+01
1.78812e+02 -3.49140e+01 -8.96431e+01 8.00954e+01 2.78572e+01 7.42872e+01 1.02276e+02 6.42686e+01 2.44101e+01 3.68684e+01 2.06780e+01 1.64155e+01
1.37805e+02 -2.24754e+01 -6.02898e+01 4.72310e+01 1.50079e+01 4.78578e+01 6.42686e+01 4.11506e+01 1.63728e+01 2.47112e+01 1.47653e+01 1.19199e+01
9.12777e+01 -4.98916e+01 -1.15693e+01 2.11085e+01 1.41595e+01 2.32081e+01 2.44101e+01 1.63728e+01 1.19951e+01 1.56020e+01 1.21622e+01 6.32733e+00
6.80116e+01 -1.04339e+02 -1.13777e+00 3.85990e+01 3.18422e+01 4.52746e+01 3.68684e+01 2.47112e+01 1.56020e+01 3.67973e+01 2.12921e+01 8.34948e+00
8.29905e+01 -8.59174e+01 1.35325e+01 2.05916e+01 2.49516e+01 2.51983e+01 2.06780e+01 1.47653e+01 1.21622e+01 2.12921e+01 1.69718e+01 9.63827e+00
5.95999e+01 -3.88275e+01 -5.65660e+00 4.72586e+00 4.65654e+00 1.05133e+01 1.64155e+01 1.19199e+01 6.32733e+00 8.34948e+00 9.63827e+00 1.12495e+01
