3.27458e-04 -1.69873e-05 8.47335e-05 7.93452e-05 1.01084e-04 5.88489e-05 1.62528e-05 -1.85670e-06 -2.35022e-05 -1.49586e-05 -2.98118e-05 3.20925e-05
-1.69873e-05 3.06077e-04 -1.32983e-04 -8.39858e-05 -2.53610e-05 -6.48258e-05 -3.17910e-05 8.19181e-06 -7.80930e-06 -9.09134e-06 1.61152e-05 8.52187e-06
8.47335e-05 -1.32983e-04 2.64562e-04 1.36456e-04 1.50380e-04 1.05558e-04 5.90337e-05 2.89308e-05 4.01516e-06 1.65068e-05 -2.11556e-06 2.39975e-05
7.93452e-05 -8.39858e-05 1.36456e-04 9.60596e-05 9.18117e-05 8.45029e-05 3.73621e-05 1.35352e-05 8.59143e-06 1.40616e-05 -4.32381e-06 9.34085e-06
1.01084e-04 -2.53610e-05 1.50380e-04 9.18117e-05 1.42735e-04 8.98492e-05 3.41959e-05 2.13813e-05 -6.41790e-06 2.47312e-06 -5.22086e-06 1.47472e-05
5.88489e-05 -6.48258e-05 1.05558e-04 8.45029e-05 8.98492e-05 8.84473e-05 3.41759e-05 1.34206e-05 9.32195e-06 1.21336e-05 -4.85204e-06 3.27394e-06
1.62528e-05 -3.17910e-05 5.90337e-05 3.73621e-05 3.41959e-05 3.41759e-05 1.74779e-05 7.81462e-06 5.97874e-06 7.48091e-06 -3.19857e-07 3.88357e-06
-1.85670e-06 8.19181e-06 2.89308e-05 1.35352e-05 2.13813e-05 1.34206e-05 7.81462e-06 9.19582e-06 4.69499e-06 3.97261e-06 2.46836e-06 2.65293e-06
-2.35022e-05 -7.80930e-06 4.01516e-06 8.59143e-06 -6.41790e-06 9.32195e-06 5.97874e-06 4.69499e-06 1.22933e-05 8.83578e-06 3.61452e-06 -3.24911e-06
-1.49586e-05 -9.09134e-06 1.65068e-05 1.40616e-05 2.47312e-06 1.21336e-05 7.48091e-06 3.97261e-06 8.83578e-06 7.96355e-06 3.37863e-06 -9.68625e-07
-2.98118e-05 1.61152e-05 -2.11556e-06 -4.32381e-06 -5.22086e-06 -4.85204e-06 -3.19857e-07 2.46836e-06 3.61452e-06 3.37863e-06 5.01440e-06 -1.26974e-06
3.20925e-05 8.52187e-06 2.39975e-05 9.34085e-06 1.47472e-05 3.27394e-06 3.88357e-06 2.65293e-06 -3.24911e-06 -9.68625e-07 -1.26974e-06 7.24113e-06
